6
8
1
1
0
3
1
0
1
2
1
1
1
1
3
0
3
1
2
1
7
11
4
1
3
2
0
1
2
3
0
1
3
2
1
1
1
1
2
1
2
14
4
1
1
1
7
7
4
1
1
7
11
2
7
1
2
12
2
1
1
2
12
1
3
1
2
0
2
1
1
1
2
2
2
1
6
3
2
1
2
3
12
1
3
2
1
1
1
1
3
1
2
2
2
1
1
2
2
0
3
3
8
7
2
2
1
1
3
1
2
0
3
0
5
3
0
2
0
0
1
1
2
7
2
3
1
2
1
2
1
2
2
12
1
0
2
2
1
0
1
7
7
16
3
6
7
6
17
8
6
8
6
16
11
7
18
7
14
10
7
8
6
14
10
7
7
7
12
13
6
6
7
15
14
5
6
3
8
22
5
8
3
8
18
7
6
6
5
11
13
7
6
9
8
15
7
6
5
7
18
10
6
7
5
19
9
6
6
9
13
10
8
6
6
16
11
3
6
7
12
10
6
8
8
14
11
7
6
7
12
16
3
10
7
11
12
6
8
6
8
15
6
8
9
10
15
8
5
8
8
17
6
6
6
5
12
12
8
8
5
14
11
3
2
2
8
6
2
2
2
7
6
2
5
1
6
7
1
0
1
7
6
1
3
1
1
11
1
2
1
1
6
2
1
0
2
13
1
1
