0
3
1
0
0
0
0
0
0
0
0
2
0
0
0
1
0
10
4
1
2
2
0
1
0
1
2
3
0
1
0
1
1
1
2
1
2
0
8
2
2
0
3
18
10
9
12
11
19
6
11
6
13
16
11
7
13
6
17
12
10
10
11
17
11
11
11
8
11
15
12
7
10
11
13
6
12
8
11
16
14
8
10
11
12
12
12
8
9
12
16
8
8
8
12
16
13
10
10
9
16
10
10
6
7
18
13
10
8
11
15
13
11
10
10
8
17
13
7
27
13
17
9
7
7
10
16
9
13
11
7
15
8
8
11
8
12
17
11
11
7
12
16
9
8
7
7
15
9
11
8
11
10
13
8
9
8
9
15
10
9
6
10
15
9
12
10
8
16
15
12
13
9
13
7
8
7
8
12
14
10
12
7
6
16
8
8
8
7
21
12
8
8
7
15
11
8
8
9
21
11
7
7
8
17
14
8
6
10
18
10
9
11
11
12
13
7
8
8
11
13
9
8
9
9
18
8
8
13
8
15
11
8
8
11
19
10
7
12
10
16
9
10
7
9
15
12
8
9
7
10
16
6
9
8
8
15
7
8
6
7
17
6
6
7
2
7
1
1
2
0
6
0
1
0
0
7
0
1
0
0
8
0
1
0
0
7
0
2
0
6
7
1
1
2
0
1
1
1
0
