2
13
3
1
0
2
2
2
0
2
1
7
8
0
2
0
0
2
1
2
2
5
7
4
3
0
2
4
1
1
2
2
7
1
1
0
1
0
1
0
0
2
11
1
0
1
6
19
3
5
3
7
17
7
6
5
8
20
9
6
5
5
12
11
3
6
6
12
13
3
7
5
11
12
5
3
7
11
12
9
5
5
11
18
2
8
7
7
17
7
5
4
6
17
7
7
5
9
13
7
6
6
7
13
7
12
5
5
7
15
2
0
0
2
11
0
1
1
1
10
0
0
0
0
12
1
1
2
0
10
0
1
0
1
8
3
2
0
2
6
8
0
3
1
6
5
1
2
0
5
8
0
1
1
4
7
0
3
0
7
9
0
1
1
1
8
1
1
1
4
8
3
1
1
1
10
1
2
1
1
11
2
1
2
1
12
0
1
0
0
13
1
0
1
3
2
1
1
1
0
10
2
3
0
2
7
6
0
0
0
2
0
0
0
0
6
5
0
0
0
0
0
1
0
1
3
7
0
0
0
0
2
0
0
1
3
11
0
0
0
0
1
0
0
1
1
12
0
0
0
0
1
0
0
2
0
11
0
0
1
1
5
1
0
0
0
7
5
0
1
0
6
5
0
0
0
5
7
0
0
0
1
0
1
0
0
6
7
0
0
1
2
11
1
0
0
0
11
0
0
