0
5
1
1
1
1
1
1
0
0
7
2
5
1
1
1
0
0
0
1
1
3
0
2
1
0
0
0
0
0
3
4
0
1
1
0
0
1
1
0
1
0
3
0
2
2
5
5
6
5
7
17
14
9
8
6
19
7
7
6
7
13
11
7
8
7
15
12
6
6
8
16
11
6
6
9
15
10
9
6
7
10
13
9
7
8
8
15
6
8
7
10
17
8
7
7
7
18
8
6
6
12
12
13
7
7
5
2
16
5
7
3
1
8
7
0
2
1
8
2
1
0
1
7
2
1
1
1
1
1
0
3
3
7
1
1
1
0
1
1
0
1
1
6
4
0
1
2
1
0
0
3
1
2
6
1
0
0
1
0
1
0
2
1
6
1
0
1
2
7
0
1
0
0
3
0
0
0
0
7
0
0
1
0
10
0
0
0
0
8
1
3
1
0
2
0
1
0
0
0
1
1
1
0
0
0
1
0
0
7
1
0
0
1
1
0
0
0
1
0
2
0
0
1
0
0
0
1
0
2
5
1
1
0
0
0
0
0
0
0
0
0
1
1
0
0
0
0
2
1
13
1
3
2
1
1
0
1
1
0
7
3
1
2
0
2
0
1
1
0
7
3
2
2
2
1
0
1
0
1
2
1
1
2
0
2
1
0
1
1
2
7
0
2
1
1
3
1
1
1
