0.003715
0.004213
0.004248
0.004468
0.004243
0.004621
0.004562
0.004581
0.004552
0.004951
0.00459
0.004461
0.004264
0.00422
0.004202
0.004505
0.004745
0.004356
0.004812
0.004583
0.004253
0.004336
0.003804
0.003399
0.006038
0.004687
0.004363
0.004268
0.004601
0.004619
0.004483
0.00441
0.004336
0.004495
0.004258
0.004059
0.004206
0.004486
0.004078
0.005734
0.005293
0.005388
0.004132
0.004408
0.004324
0.004321
0.003806
0.00347
0.004462
0.00385
0.004271
0.00394
0.00398
0.003796
0.004497
0.005076
0.004569
0.004344
0.004226
0.004959
0.003969
0.004157
0.004588
0.004218
0.004339
0.004195
0.004025
0.004457
0.004227
0.004396
0.003902
0.004005
0.003814
0.003716
0.004131
0.003466
0.003884
0.004218
0.004068
0.004296
0.004249
0.00411
0.004086
0.005549
0.004532
0.004241
0.004701
0.004142
0.004357
0.004188
0.004134
0.003921
0.007281
0.005502
0.004444
0.004217
0.003297
0.003794
0.003045
0.002688
0.003466
0.003948
0.004281
0.0044
0.005445
0.004192
0.004274
0.003964
0.004255
0.004252
0.003899
0.004126
0.004256
0.004736
0.00555
0.004746
0.004992
0.004024
0.004141
0.004178
0.004138
0.004149
0.004098
0.004592
0.00407
0.004738
0.003997
0.003819
0.004166
0.003874
0.00394
0.004815
0.005139
0.005189
0.004148
0.005683
0.005766
0.006738
0.005324
0.006032
0.004939
0.005284
0.004381
0.004104
0.0042
0.004183
0.003823
0.004119
0.003214
0.00391
0.003879
0.004203
0.004429
0.003772
0.004057
0.00426
0.004649
0.004094
0.004842
0.004342
0.004171
0.004358
0.004142
0.003952
0.003993
0.005299
0.004156
0.004536
0.004063
0.004974
0.00346
0.003826
0.003198
0.00368
0.003632
0.00333
0.004566
0.003927
0.004097
0.004084
0.004074
0.004279
0.004187
0.004286
0.00412
0.0038
0.00386
0.005101
0.004583
0.005346
0.004127
0.004846
0.004157
0.00405
0.004389
0.004021
0.004274
0.003372
0.004397
0.003327
0.003417
0.006694
0.004298
0.004121
0.00435
0.004281
0.004235
0.003914
0.004372
0.004062
0.004101
0.004673
0.004306
0.004172
0.004471
0.004066
0.004041
0.004828
0.004334
0.004206
0.004325
0.005203
0.003447
0.0038
0.005067
0.004025
0.003826
0.005796
0.004404
0.004326
0.003772
0.003889
0.004143
0.004054
0.004102
0.004432
0.004481
0.00443
0.004299
0.004688
0.004402
0.004139
0.00385
0.004499
0.004402
0.004137
0.004166
0.003982
0.003201
0.003934
0.00364
0.00376
0.003681
0.003931
0.003953
0.004238
0.005707
0.004642
0.003997
0.005038
0.004129
0.005313
0.00437
0.004411
0.004188
0.004415
0.004321
0.004153
0.004536
0.004308
0.004171
0.003932
0.00499
0.00381
0.003445
0.004247
0.004389
0.004262
0.004658
0.004166
0.004286
0.004675
0.004193
0.004443
0.004144
0.004222
0.004383
0.004303
0.00409
0.003905
0.004748
0.004462
0.004417
0.004137
0.004007
0.003661
0.004053
0.004211
0.003942
0.005164
0.004212
0.004167
0.004119
0.003835
0.004086
0.004116
0.005507
0.005295
0.004536
0.005328
0.004276
0.004316
0.004648
0.004113
0.004119
0.004244
0.004428
0.004398
0.004236
0.004339
0.004057
0.004339
0.003931
0.004481
0.0034
0.004013
0.004329
0.004271
0.004042
0.004162
0.004097
0.004229
0.004187
0.004378
0.004108
0.004217
0.004094
0.004021
0.004304
0.004457
0.004242
0.004174
0.004277
0.004074
0.003425
0.006049
0.003672
0.002745
0.003143
0.003664
0.003841
0.004037
0.004611
0.004392
0.004175
0.004298
0.004767
0.004405
0.004127
0.004537
0.004021
0.004233
0.004064
0.004193
0.004284
0.004554
0.004347
0.004093
0.004094
0.003562
0.004081
0.004067
0.003538
0.003268
0.003618
0.004206
0.004221
0.004287
0.004164
0.004162
0.005259
0.004499
0.004308
0.005603
0.005792
0.005291
0.004554
0.004418
0.00486
0.004735
0.005287
0.005986
0.004218
0.00421
0.004089
0.004606
0.004167
0.003519
0.004126
0.004756
0.003895
0.004245
0.004271
0.004293
0.004724
0.004295
0.003948
0.004348
0.004444
0.004348
0.005337
0.004539
0.004234
0.004071
0.004158
0.004121
0.004267
0.004379
0.003491
0.003811
0.00464
0.00386
0.004189
0.003476
0.003928
0.004084
0.004318
0.004011
0.005209
0.004145
0.004277
0.004167
0.004303
0.00429
0.003871
0.004031
0.004075
0.004181
0.003787
0.003968
0.003981
0.004896
0.006166
0.004405
0.004037
0.003754
0.004216
0.003403
0.003917
0.002739
0.004709
0.004026
0.004084
0.004103
0.00432
0.004892
0.004156
0.004453
0.004492
0.004331
0.004245
0.005935
0.004297
0.004596
0.00413
0.004247
0.004158
0.004173
0.00412
0.00439
0.004391
0.003466
0.003171
0.005471
0.004859
0.003392
0.004136
0.003733
