0.0101680755615
0.00624585151672
0.00710105895996
0.0068359375
0.00696897506714
0.00896000862122
0.00644993782043
0.00770592689514
0.00874209403992
0.00767803192139
0.00776410102844
0.00817012786865
0.0075569152832
0.00703191757202
0.00705504417419
0.0074520111084
0.00698590278625
0.00884985923767
0.00804710388184
0.00695705413818
0.00701713562012
0.00709390640259
0.00721716880798
0.00712013244629
0.00728106498718
0.00744104385376
0.00780200958252
0.00709104537964
0.00658202171326
0.00732898712158
0.00837802886963
0.00768899917603
0.00678396224976
0.0074610710144
0.00513315200806
0.00675988197327
0.00711107254028
0.00676584243774
0.00648283958435
0.00673890113831
0.00700497627258
0.00736999511719
0.0103549957275
0.00758504867554
0.00758814811707
0.00852799415588
0.00701999664307
0.00674915313721
0.0085129737854
0.00898098945618
0.00744891166687
0.00727486610413
0.00721597671509
0.00760197639465
0.00705504417419
0.00730395317078
0.00836992263794
0.00709676742554
0.00699210166931
0.00777006149292
0.00580906867981
0.00570797920227
0.00685906410217
0.0068781375885
0.0076630115509
0.00825500488281
0.00868797302246
0.00794410705566
0.00881290435791
0.00709295272827
0.00843811035156
0.00792503356934
0.00913095474243
0.0069899559021
0.00751209259033
0.00785183906555
0.00781297683716
0.00679492950439
0.00875902175903
0.00711297988892
0.00817489624023
0.00763511657715
0.00790309906006
0.00702309608459
0.00702118873596
0.00801205635071
0.00643396377563
0.00676798820496
0.0081160068512
0.00832200050354
0.00723099708557
0.00683307647705
0.00801515579224
0.00745105743408
0.00720596313477
0.0070538520813
0.00710201263428
0.00877594947815
0.00713300704956
0.00753498077393
0.00805902481079
0.00797986984253
0.00706481933594
0.00731515884399
0.00706791877747
0.00746917724609
0.00721096992493
0.00924301147461
0.00766587257385
0.00716710090637
0.0094780921936
0.00510311126709
0.00657415390015
0.00814390182495
0.00696802139282
0.00721502304077
0.00713181495667
0.0070629119873
0.00718998908997
0.0073869228363
0.00709795951843
0.00737595558167
0.00696086883545
0.00842094421387
0.00725889205933
0.00785708427429
0.00739002227783
0.00740480422974
0.00702500343323
0.00730609893799
0.00727200508118
0.00717997550964
0.00881409645081
0.00704097747803
0.00694799423218
0.00681710243225
0.00690913200378
0.00670099258423
0.00780606269836
0.00786280632019
0.00703692436218
0.00852012634277
0.00757908821106
0.00716996192932
0.00745391845703
0.00741100311279
0.00795197486877
0.00742697715759
0.00733304023743
0.00718212127686
0.007159948349
0.00739312171936
0.00700092315674
0.00811815261841
0.00701403617859
0.00735592842102
0.00710105895996
0.0081639289856
0.00742292404175
0.00650000572205
0.00631189346313
0.0064959526062
0.00679993629456
0.00646281242371
0.00834608078003
0.00675487518311
0.00783801078796
0.00856304168701
0.00778007507324
0.00906705856323
0.00929498672485
0.00989603996277
0.00793600082397
0.00722980499268
0.00883388519287
0.00739097595215
0.00739789009094
0.00733685493469
0.00676894187927
0.00718402862549
0.0086190700531
0.00658702850342
0.00797891616821
0.0077440738678
0.00444388389587
0.00461196899414
0.00493097305298
0.00575280189514
0.00735902786255
0.00699305534363
0.00710201263428
0.00794410705566
0.00743007659912
0.00857591629028
0.00712108612061
0.00713086128235
0.00767993927002
0.00725197792053
0.00724291801453
0.00728607177734
0.00730299949646
0.00709891319275
0.00789093971252
0.00733304023743
0.00739622116089
0.00693392753601
0.00733494758606
0.00769686698914
0.00688505172729
0.00509095191956
0.00854396820068
0.00679183006287
0.00616788864136
0.00649404525757
0.0059380531311
0.00690102577209
0.0073139667511
0.00771188735962
0.00719404220581
0.00722002983093
0.00721096992493
0.00735211372375
0.00758385658264
0.00710201263428
0.00782608985901
0.00761294364929
0.00733709335327
0.00691199302673
0.00865602493286
0.00726985931396
0.00722503662109
0.00709700584412
0.00770306587219
0.00706219673157
0.00687098503113
0.00518202781677
0.00793409347534
0.00829601287842
0.00498104095459
0.00648999214172
0.00806307792664
0.00749588012695
0.00709104537964
0.00693798065186
0.00734305381775
0.00851511955261
0.00717616081238
0.00710582733154
0.0070219039917
0.00774812698364
0.00713586807251
0.00687503814697
0.00679397583008
0.00740790367126
0.00686097145081
0.009202003479
0.00699806213379
0.0102028846741
0.00696182250977
0.00654697418213
0.00435400009155
0.00503206253052
0.00517916679382
0.00537300109863
0.00648403167725
0.00693106651306
0.00711011886597
0.00702500343323
0.00711989402771
0.00746417045593
0.00709295272827
0.00724005699158
0.00674700737
0.00714898109436
0.00737309455872
0.00729203224182
0.00708985328674
0.00739407539368
0.0117058753967
0.00719594955444
0.00713586807251
0.0071439743042
0.00733208656311
0.00707507133484
0.00695490837097
0.00652885437012
0.00704002380371
0.00688791275024
0.00675392150879
0.00770497322083
0.0074679851532
0.00746011734009
0.0070698261261
0.00722193717957
0.00721788406372
0.00743007659912
0.00724792480469
0.00708794593811
0.00916385650635
0.00743293762207
0.00710105895996
0.00731801986694
0.00737285614014
0.00715899467468
0.00698804855347
0.00803685188293
0.00802183151245
0.00841403007507
0.00839900970459
0.00660800933838
0.00488018989563
0.00671100616455
0.00353193283081
0.00858378410339
0.00705504417419
0.00648403167725
0.00813794136047
0.00715279579163
0.00721502304077
0.00722408294678
0.00707793235779
0.0071439743042
0.00861692428589
0.00886917114258
0.00727415084839
0.00700306892395
0.00682592391968
0.00755095481873
0.00731301307678
0.00731992721558
0.00740814208984
0.00721597671509
0.00735116004944
0.00704002380371
0.00894403457642
0.0102310180664
0.00536394119263
0.00451111793518
0.00645709037781
0.00742602348328
0.00718092918396
0.00759100914001
0.0094850063324
0.00902891159058
0.00740098953247
0.0073299407959
0.00726199150085
0.00720000267029
0.00682902336121
0.00706696510315
0.00766205787659
0.00708389282227
0.00786781311035
0.00718402862549
0.00733995437622
0.00704789161682
0.00775599479675
0.00902795791626
0.00760006904602
0.0072660446167
0.00688505172729
0.00556206703186
0.00692391395569
0.00730395317078
0.00688600540161
0.00677299499512
0.00696802139282
0.00721287727356
0.00706195831299
0.0073709487915
0.00716304779053
0.00750303268433
0.00781798362732
0.00767707824707
0.00653505325317
0.00691604614258
0.00717520713806
0.00745701789856
0.00714993476868
0.00712299346924
0.00724697113037
0.00687384605408
0.00710296630859
0.00722980499268
0.00804114341736
0.00692415237427
0.00726509094238
0.00829386711121
0.00680303573608
0.00750803947449
0.00663590431213
0.00652503967285
0.00703001022339
0.00702404975891
0.00703001022339
0.0075409412384
0.00718688964844
0.00701093673706
0.00871205329895
0.00781297683716
0.00708603858948
0.00740313529968
0.00724005699158
0.00664401054382
0.00725388526917
0.00776386260986
0.00879192352295
0.00722289085388
0.00754594802856
0.00692081451416
0.0072238445282
0.00707197189331
0.00683498382568
0.00733494758606
0.00773501396179
0.00667786598206
0.00781893730164
0.00702404975891
0.00748205184937
0.0072500705719
0.00795698165894
0.00698208808899
0.00778889656067
0.00713491439819
0.00717997550964
0.00699400901794
0.00745296478271
0.00745415687561
0.00750398635864
0.00717616081238
0.0076310634613
0.00737690925598
0.00718092918396
0.00698900222778
0.00755715370178
0.00734686851501
0.0077919960022
0.00672197341919
0.00817394256592
0.00438499450684
0.00695514678955
0.0069727897644
0.00700807571411
0.00681591033936
0.00697588920593
0.00722599029541
0.00682401657104
0.00846695899963
0.00901412963867
0.00883913040161
0.0086669921875
0.00709295272827
0.00699591636658
0.00748801231384
0.00754499435425
0.00787091255188
0.00802803039551
0.00740385055542
0.00668692588806
0.00723505020142
0.00720000267029
0.00665807723999
0.00524997711182
0.0066831111908
0.00655698776245
0.00521898269653
0.00662612915039
0.00699615478516
0.0102851390839
0.00732088088989
0.00858807563782
0.00782608985901
0.00730490684509
0.00737500190735
0.00722098350525
0.00754809379578
0.00722503662109
0.00741195678711
0.0071280002594
0.00733590126038
0.00730800628662
0.00714182853699
0.00730395317078
0.00739502906799
0.0101981163025
0.00579810142517
0.00513410568237
0.00651001930237
0.00721216201782
0.00684189796448
0.00604891777039
0.00819897651672
0.00786399841309
0.00833892822266
0.00707101821899
0.00702285766602
0.00704097747803
0.00755000114441
0.00877904891968
0.00912094116211
0.00829792022705
0.00845003128052
0.00710487365723
0.00747799873352
0.0078649520874
0.00754594802856
0.0076310634613
0.00730180740356
0.00986814498901
0.00713300704956
0.00699186325073
0.00499296188354
0.00682616233826
0.00468015670776
0.00496482849121
0.00415301322937
0.00673508644104
0.00794887542725
0.00725102424622
0.00812602043152
0.0070629119873
0.00834703445435
0.00725197792053
0.00767087936401
0.00709414482117
0.00788807868958
0.00704002380371
0.00907588005066
0.00728106498718
0.00707507133484
0.00753712654114
0.00707697868347
0.00715708732605
0.00723004341125
0.0073139667511
0.00721597671509
0.00694298744202
0.00738310813904
0.0049409866333
0.00705313682556
0.0066089630127
0.00702691078186
0.00693011283875
0.00693202018738
0.00799989700317
0.00881814956665
0.00879716873169
0.00754308700562
0.00739216804504
0.00719404220581
0.00698280334473
0.00798106193542
0.00729084014893
0.00723814964294
0.0077760219574
0.00752687454224
0.00729298591614
0.0070059299469
0.00713706016541
0.00721001625061
0.00787782669067
0.00701498985291
0.00676012039185
0.00674510002136
0.00444483757019
0.00691199302673
0.0070948600769
0.00805592536926
0.00882720947266
0.00715208053589
0.00797295570374
0.00826716423035
0.00777411460876
0.00711488723755
0.00738906860352
0.00775504112244
0.00728297233582
0.00743508338928
0.00730490684509
0.00730299949646
0.00695610046387
0.00988984107971
0.00744915008545
0.00735902786255
0.00918102264404
0.00867700576782
0.00739192962646
0.00745391845703
0.00833797454834
0.00522685050964
0.00687503814697
0.00718092918396
0.00713109970093
0.00714802742004
0.00713181495667
0.00671982765198
0.00764799118042
0.00965189933777
0.00883483886719
0.00883102416992
0.00908589363098
0.00815200805664
0.00814485549927
0.00804305076599
0.00909304618835
0.00787091255188
0.00914192199707
0.00837397575378
0.00989603996277
0.00686311721802
0.00661396980286
0.00747108459473
0.00641107559204
0.00712704658508
0.00496006011963
0.00675797462463
0.0078980922699
0.0069899559021
0.00689196586609
0.00833582878113
0.00810694694519
0.00729608535767
0.00761008262634
0.0072717666626
0.0073390007019
0.00802493095398
0.00706386566162
0.00704002380371
0.00747084617615
0.00702404975891
0.00698590278625
0.00728893280029
0.00693106651306
0.00869798660278
0.00787210464478
0.00706696510315
0.00754714012146
0.0100948810577
0.00862216949463
0.00511193275452
0.00731706619263
0.00681400299072
0.00686192512512
0.00690603256226
0.0094051361084
0.00724816322327
0.00723195075989
0.0068039894104
0.00691318511963
0.00758719444275
0.00693702697754
0.00700807571411
0.00706601142883
0.00787496566772
0.00709295272827
0.00822710990906
0.00733304023743
0.00785207748413
0.00844120979309
0.00707912445068
0.00643181800842
0.00477504730225
0.00679707527161
0.00434517860413
0.00665497779846
0.00667810440063
0.00666904449463
0.00782585144043
0.00796389579773
0.00990200042725
0.00809097290039
0.00924801826477
0.00817608833313
0.00867795944214
0.00875306129456
0.00905895233154
0.00863981246948
0.00721502304077
0.00849485397339
0.00703406333923
0.00595903396606
0.00730395317078
0.00694489479065
0.00700712203979
0.00753593444824
0.00687098503113
0.0073299407959
0.00721597671509
0.0077440738678
0.00478100776672
0.00781297683716
0.00678396224976
0.00655889511108
0.00685095787048
0.0073390007019
0.00724601745605
0.00700998306274
0.00706696510315
0.00714993476868
0.00889205932617
0.0073070526123
0.0068621635437
0.00779986381531
0.00742793083191
0.00761294364929
0.00681209564209
0.00740694999695
0.00688505172729
0.00722193717957
0.0060498714447
0.00778794288635
0.00700807571411
0.0066819190979
0.00714612007141
0.00695085525513
0.00581097602844
0.00678300857544
0.00685691833496
0.00693702697754
0.00745487213135
0.00717115402222
0.0083749294281
0.00726509094238
0.00714516639709
0.00735187530518
0.00773096084595
0.00714802742004
0.00727295875549
0.00688099861145
0.00715303421021
0.0074291229248
0.00724387168884
0.00693702697754
0.0069260597229
0.00728893280029
0.0076310634613
0.0076949596405
0.0075569152832
0.00679588317871
0.00681805610657
0.00433707237244
0.00722408294678
0.00682783126831
0.00536394119263
0.00679588317871
0.0066339969635
0.00721788406372
0.00718092918396
0.0072557926178
0.00726103782654
0.00730991363525
0.00725722312927
0.00811505317688
0.00707101821899
0.00667214393616
0.00703692436218
0.00718998908997
0.00727105140686
0.0072820186615
0.00727605819702
0.00706386566162
0.00713205337524
0.00902509689331
0.00745296478271
0.00836992263794
0.0072820186615
0.00669884681702
0.00742506980896
0.00988602638245
0.00514698028564
0.00656199455261
0.00694990158081
0.00695896148682
0.00893902778625
0.00859594345093
0.0083429813385
0.0073139667511
0.00763297080994
0.0101628303528
0.00840306282043
0.00868916511536
0.00832009315491
0.00893902778625
0.0087571144104
0.0111131668091
0.00912308692932
0.00743889808655
0.00876402854919
0.00861382484436
0.00695991516113
0.00674986839294
0.00433588027954
0.00678896903992
0.00476598739624
0.0076539516449
0.00807595252991
0.00672197341919
0.00715398788452
0.00726103782654
0.00721001625061
0.00720405578613
0.00785994529724
0.00760197639465
0.00749087333679
0.00758194923401
0.00757622718811
0.00703907012939
0.00711393356323
0.00736284255981
0.00699901580811
0.00849103927612
0.00710606575012
0.00729203224182
0.0073561668396
0.00704908370972
0.00690913200378
0.00801205635071
0.00723600387573
0.00791382789612
0.00690698623657
0.00819301605225
0.00696897506714
0.00705099105835
0.00768089294434
0.007248878479
0.00696110725403
0.00835418701172
0.0071702003479
0.00733089447021
0.00833797454834
0.00810503959656
0.00836586952209
0.00849199295044
0.00694298744202
0.00847578048706
0.00730013847351
0.00758504867554
0.00738787651062
0.0074610710144
0.00702023506165
0.00751113891602
0.00827479362488
0.00711512565613
0.00680589675903
0.00565409660339
0.00680494308472
0.00657296180725
0.00693488121033
0.00697207450867
0.00701999664307
0.00694489479065
0.00824093818665
0.00780606269836
0.00732707977295
0.00886702537537
0.00830006599426
0.00751495361328
0.00741696357727
0.00744318962097
0.00742816925049
0.00748705863953
0.00759100914001
0.00720500946045
0.00700807571411
0.007159948349
0.00770378112793
0.00839710235596
0.00803709030151
0.00780487060547
0.0070059299469
0.00783205032349
0.00700306892395
0.00744104385376
0.00492191314697
0.00672197341919
0.00693702697754
0.00860714912415
0.0116848945618
0.00830888748169
0.00864219665527
0.00701904296875
0.00699210166931
0.00698804855347
0.00703310966492
0.00786805152893
0.00990986824036
0.00852394104004
0.00698900222778
0.00776100158691
0.00834202766418
0.00746607780457
0.00712203979492
0.00877094268799
0.0066819190979
0.00693607330322
0.00680804252625
0.00695085525513
0.00661301612854
0.00575685501099
0.00683498382568
0.00748991966248
0.00762009620667
0.00704789161682
0.00738787651062
0.00713205337524
0.00804305076599
0.00863480567932
0.00866103172302
0.00823092460632
0.00829982757568
0.00762009620667
0.00688099861145
0.0076220035553
0.00735306739807
0.00854206085205
0.00731205940247
0.0072557926178
0.00868988037109
0.00547790527344
0.00709390640259
0.00539207458496
0.00682401657104
0.00689578056335
0.00833106040955
0.00682806968689
0.00696015357971
0.00717902183533
0.00745606422424
0.00749802589417
0.00732207298279
0.0092830657959
0.00666213035583
0.00873589515686
0.00947785377502
0.00931096076965
0.00703883171082
0.00697898864746
0.00731587409973
0.00724101066589
0.00727486610413
0.00768804550171
0.0076220035553
0.00801610946655
0.00564312934875
0.00708985328674
0.0065758228302
0.00649309158325
0.00507402420044
0.00576591491699
0.00667500495911
0.00826907157898
0.00729084014893
0.00777697563171
0.00723195075989
0.00709509849548
0.00755405426025
0.00782704353333
0.00788903236389
0.00697612762451
0.00744318962097
0.00709795951843
0.00735902786255
0.00748801231384
0.00715899467468
0.00705003738403
0.00725102424622
0.00899600982666
0.00942397117615
0.00983905792236
0.00818490982056
0.00660800933838
0.00619506835938
0.0056300163269
0.00373792648315
0.00473594665527
0.00684595108032
0.00682091712952
0.00687885284424
0.00855302810669
0.00812411308289
0.00853395462036
0.00686597824097
0.00646615028381
0.00806307792664
0.00746083259583
0.00763201713562
0.00715684890747
0.00801014900208
0.00726890563965
0.00730204582214
0.00853490829468
0.00901198387146
0.0073549747467
0.00840997695923
0.00711894035339
0.00825500488281
0.0069580078125
0.00763392448425
0.00739502906799
0.00693798065186
