0.004567
0.004025
0.003647
0.004389
0.004154
0.005059
0.004413
0.004247
0.004435
0.005009
0.003887
0.004532
0.003734
0.003667
0.004236
0.003473
0.002393
0.004082
0.00354
0.00353
0.00369
0.003702
0.004595
0.003925
0.003951
0.004194
0.004449
0.003845
0.003713
0.004649
0.003856
0.00392
0.004522
0.003823
0.003788
0.004413
0.003822
0.003573
0.004757
0.00377
0.003635
0.007117
0.003956
0.003517
0.004467
0.003459
0.004535
0.00471
0.003755
0.004421
0.003903
0.003923
0.004586
0.003772
0.003788
0.00472
0.004042
0.004535
0.004601
0.004069
0.003779
0.003668
0.004498
0.003771
0.003613
0.004235
0.003734
0.00353
0.004161
0.003829
0.00443
0.003719
0.003646
0.005161
0.003514
0.004163
0.004484
0.003847
0.003687
0.004534
0.003864
0.003938
0.004124
0.003656
0.004275
0.004407
0.004596
0.003674
0.004004
0.005094
0.00368
0.003338
0.003448
0.003571
0.003329
0.004333
0.00424
0.00395
0.004227
0.004619
0.00391
0.003616
0.004554
0.004065
0.003816
0.004515
0.004021
0.004464
0.003908
0.004104
0.00471
0.003789
0.00396
0.004601
0.004907
0.00379
0.003528
0.0037
0.003707
0.003155
0.003833
0.004093
0.004472
0.003632
0.003839
0.005659
0.003723
0.003968
0.004346
0.003745
0.003805
0.003786
0.003778
0.004556
0.003712
0.003832
0.004707
0.004524
0.004023
0.004749
0.003661
0.003644
0.00427
0.004135
0.003872
0.004156
0.003518
0.003734
0.003973
0.003897
0.004397
0.003763
0.003738
0.005285
0.004043
0.003894
0.00429
0.00476
0.003794
0.003848
0.005062
0.003959
0.003863
0.005019
0.003848
0.003878
0.004458
0.003635
0.004201
0.003175
0.003704
0.004319
0.00381
0.003793
0.004585
0.003796
0.003771
0.004589
0.004014
0.003963
0.003852
0.003868
0.004597
0.003879
0.003923
0.005359
0.003545
0.003774
0.004645
0.003892
0.003898
0.003935
0.003263
0.003791
0.003674
0.004315
0.003772
0.003725
0.004366
0.003703
0.004529
0.005092
0.004028
0.004766
0.003841
0.003831
0.003915
0.003799
0.003911
0.004398
0.003871
0.00381
0.004463
0.003419
0.00374
0.005105
0.003896
0.00454
0.004252
0.003582
0.00379
0.004146
0.004202
0.003762
0.004189
0.003852
0.004216
0.00445
0.0039
0.00397
0.004275
0.003723
0.003903
0.005187
0.004348
0.003863
0.004299
0.003644
0.003702
0.004528
0.003688
0.004021
0.00463
0.003711
0.003408
0.004202
0.003012
0.004713
0.003312
0.004593
0.00416
0.003811
0.003616
0.0039
0.003901
0.004455
0.003808
0.004243
0.004542
0.004084
0.004179
0.004478
0.003713
0.003902
0.004621
0.00446
0.003574
0.004456
0.003689
0.003722
0.004672
0.003103
0.003649
0.003511
0.003382
0.003644
0.003682
0.003656
0.00434
0.003729
0.003791
0.004962
0.003767
0.003924
0.004674
0.003789
0.003815
0.004264
0.003482
0.004599
0.004469
0.003831
0.003677
0.004345
0.003917
0.004161
0.003499
0.003531
0.003998
0.00337
