0.003568
0.004068
0.00388
0.003804
0.004315
0.004382
0.003544
0.004205
0.00458
0.004475
0.004224
0.004519
0.003556
0.003795
0.00388
0.003619
0.002889
0.00333
0.003029
0.003666
0.003479
0.004
0.003796
0.003822
0.005764
0.004473
0.003668
0.004878
0.003895
0.003887
0.003575
0.003682
0.003777
0.003853
0.003766
0.00372
0.003608
0.003817
0.004003
0.003503
0.003571
0.005397
0.003645
0.003444
0.003436
0.003453
0.003538
0.003584
0.003911
0.003765
0.004072
0.003752
0.003622
0.003482
0.003636
0.003898
0.003779
0.004281
0.003695
0.003381
0.003469
0.003692
0.004123
0.003656
0.003562
0.004094
0.00339
0.003322
0.002561
0.003894
0.003893
0.003741
0.003599
0.004319
0.003378
0.003652
0.003932
0.004241
0.00378
0.004415
0.004051
0.003581
0.003518
0.003665
0.003949
0.003832
0.003666
0.003622
0.00387
0.004287
0.00371
0.003844
0.003469
0.003539
0.003871
0.002794
0.004131
0.003756
0.004188
0.003727
0.003629
0.003842
0.0034
0.003282
0.003819
0.004294
0.004219
0.003476
0.00369
0.003835
0.004007
0.003811
0.003596
0.003923
0.003852
0.00394
0.004253
0.004358
0.003371
0.004469
0.00307
0.003601
0.003482
0.003774
0.003787
0.003389
0.003782
0.004178
0.00386
0.003677
0.003784
0.004347
0.003597
0.003874
0.0036
0.004229
0.003757
0.004937
0.003786
0.003622
0.003686
0.003516
0.003463
0.003514
0.00351
0.004841
0.003106
0.003752
0.003603
0.003549
0.003997
0.003787
0.00384
0.004336
0.003669
0.003781
0.003699
0.003771
0.003577
0.003796
0.003975
0.003694
0.003726
0.00365
0.004166
0.003778
0.003355
0.003447
0.003451
0.00424
0.002876
0.003646
0.004195
0.0043
0.00424
0.004402
0.003639
0.0036
0.003846
0.00385
0.00378
0.003927
0.004521
0.004897
0.00346
0.004303
0.00392
0.003709
0.003731
0.003626
0.003881
0.003646
0.003963
0.003468
0.002998
0.004168
0.003482
0.003811
0.003599
0.003906
0.004695
0.004438
0.003587
0.004424
0.003447
0.00377
0.00383
0.00378
0.003834
0.005139
0.004384
0.003644
0.004106
0.003654
0.003641
0.003293
0.003347
0.004147
0.004652
0.003847
0.004275
0.004365
0.004291
0.00437
0.004134
0.003657
0.003715
0.003786
0.003659
0.004231
0.003632
0.004315
0.004242
0.005236
0.004385
0.003721
0.003586
0.00378
0.003703
0.003822
0.003025
0.004069
0.003005
0.003891
0.004205
0.004324
0.003491
0.003665
0.003501
0.004169
0.003636
0.003821
0.003404
0.003823
0.003396
0.00349
0.003919
0.004231
0.004245
0.004502
0.004424
0.003674
0.004351
0.003827
0.004403
0.004998
0.003812
0.004017
0.004763
0.003672
0.003502
0.003865
0.003758
0.003642
0.004797
0.004276
0.00338
0.003401
0.003875
0.003769
0.003824
0.004432
0.004097
0.004292
0.004621
0.003768
0.003651
0.003737
0.003512
0.003519
0.003168
0.003506
0.003937
0.003487
0.004558
0.003656
0.003803
0.005656
0.003504
0.0036
