1
5
0
3
7
0
0
0
2
8
0
1
0
1
0
1
0
1
0
1
1
1
2
1
1
1
1
0
0
8
2
0
0
1
1
2
1
0
2
1
6
6
0
3
4
1
0
1
2
7
6
1
1
1
8
8
1
2
2
7
3
2
1
2
1
6
2
1
1
6
6
1
2
1
3
4
2
2
0
1
2
5
1
0
2
0
1
1
3
0
7
2
2
1
0
2
0
0
1
0
0
0
1
1
0
1
1
2
1
0
8
1
0
1
0
0
0
1
1
0
0
1
1
0
0
7
2
1
0
1
1
0
0
2
0
0
1
1
0
1
0
1
1
1
1
3
8
1
1
1
0
3
0
1
1
2
1
1
1
2
2
2
1
1
1
1
9
1
1
2
0
1
2
1
1
1
0
1
1
0
1
0
0
1
0
1
7
2
0
1
1
1
0
3
1
1
0
2
0
1
0
1
1
1
2
0
5
2
1
1
1
0
1
0
0
0
1
0
0
1
1
0
1
2
0
1
0
11
0
1
0
1
1
1
0
1
1
0
1
1
0
1
1
0
1
2
1
7
1
2
0
1
1
1
0
1
2
0
2
0
1
2
1
1
1
0
1
6
4
0
1
1
0
1
1
2
0
2
1
3
1
8
2
2
0
2
0
4
6
0
1
1
0
0
2
1
1
1
8
1
