0
5
0
1
0
0
0
0
3
3
1
0
1
2
4
0
0
0
0
0
1
4
0
1
7
0
0
0
0
7
0
0
1
0
8
0
0
0
0
0
1
0
0
0
0
0
1
0
1
13
8
5
3
6
15
6
6
6
3
8
13
7
3
5
8
18
2
5
6
5
17
8
3
8
5
16
7
2
5
6
12
5
6
5
7
11
8
6
5
5
12
8
9
7
6
10
12
4
7
7
11
10
5
7
6
10
13
3
5
5
6
11
2
0
0
3
8
0
0
0
2
6
3
0
0
1
6
1
0
0
0
9
0
0
0
0
8
0
0
1
0
9
0
0
0
0
8
2
0
0
0
8
0
0
0
0
7
0
0
0
0
7
2
0
0
0
7
0
0
0
0
8
2
0
0
0
4
5
0
1
0
5
2
0
0
0
3
3
0
0
0
0
0
0
0
0
0
0
0
0
0
1
0
0
0
0
0
7
0
0
0
0
0
0
1
0
0
8
1
0
0
0
0
0
0
0
0
9
0
0
0
0
0
0
0
0
0
6
1
0
0
0
7
1
0
0
0
5
2
0
0
0
6
3
0
0
0
0
0
0
0
0
2
3
0
0
0
2
5
0
1
0
1
0
0
0
0
1
7
0
0
0
0
0
6
0
0
0
7
0
0
0
0
0
0
0
0
0
7
1
