0
8
3
1
1
0
0
1
0
0
0
0
0
0
0
0
1
0
0
1
2
0
6
0
0
0
0
0
0
0
1
0
0
0
0
0
0
0
1
0
0
0
4
0
0
0
1
0
2
4
6
6
10
9
6
6
6
13
8
7
6
9
12
7
8
6
5
13
7
7
6
7
3
16
6
7
8
6
15
5
11
8
8
16
6
10
5
7
12
13
9
7
6
7
16
7
6
7
6
13
7
9
6
8
10
14
5
7
7
11
11
6
5
3
6
3
0
0
0
6
6
0
0
0
3
1
7
0
0
3
2
0
0
0
2
2
0
0
0
1
4
0
0
0
0
0
0
0
0
0
6
0
0
0
0
6
0
0
0
0
5
0
1
0
0
0
0
1
0
0
5
0
0
0
0
0
0
0
1
1
5
0
0
0
0
7
0
0
0
0
0
0
0
0
0
0
0
0
0
0
2
2
0
0
0
0
0
0
0
0
0
0
0
0
0
0
0
0
0
0
0
5
0
0
1
0
0
0
0
0
0
0
0
0
0
0
4
0
0
0
0
3
1
0
0
0
0
0
0
0
0
0
0
0
0
0
0
0
0
1
0
5
0
0
0
0
4
0
0
0
0
0
0
0
0
0
0
0
0
0
0
3
3
0
0
0
0
0
0
0
0
0
0
0
0
0
0
0
0
0
