2
5
2
0
2
1
1
0
1
2
1
1
2
2
2
2
6
3
2
2
3
2
2
2
2
1
0
1
2
0
0
1
1
0
0
1
0
7
2
2
1
1
4
5
8
9
7
16
10
10
8
9
7
17
8
9
8
6
14
9
7
9
7
16
8
11
11
6
17
8
7
7
9
13
12
7
9
13
14
15
8
13
9
14
13
8
8
7
13
16
8
6
9
11
16
10
7
5
10
17
7
8
7
12
17
9
8
8
7
15
6
8
5
9
15
7
8
8
12
17
12
9
7
7
17
13
6
6
9
17
12
8
5
5
11
12
8
8
8
7
21
7
0
3
1
11
3
0
2
1
9
2
1
0
0
8
1
0
2
1
8
0
1
1
1
1
0
1
1
0
1
1
0
0
0
8
1
0
1
1
0
0
1
1
0
1
0
2
1
0
1
1
0
1
1
1
7
1
1
1
1
0
1
1
1
1
1
1
1
0
0
8
1
1
1
1
7
0
2
1
0
8
2
0
1
1
2
1
1
1
1
7
3
1
1
1
1
2
2
1
1
1
2
1
0
1
2
7
1
0
2
0
8
2
1
0
1
2
0
1
2
0
0
0
3
0
1
1
1
0
1
2
3
5
0
2
1
0
0
2
1
0
1
2
1
0
1
1
1
0
1
1
1
6
0
1
1
1
7
2
