0
3
0
0
0
0
8
1
0
0
0
0
0
0
0
0
7
1
0
0
1
1
0
0
0
0
8
0
0
0
0
0
0
0
0
0
3
4
0
0
0
0
0
0
0
0
2
0
2
6
8
7
14
9
5
5
7
17
6
6
6
7
16
3
6
6
3
15
9
5
3
5
12
8
6
5
6
14
13
8
6
8
10
11
7
3
8
10
12
6
5
4
11
15
6
6
5
9
15
3
5
5
8
17
7
7
3
7
21
5
1
4
2
12
0
0
0
0
7
0
0
0
0
8
2
0
0
0
7
2
0
0
0
7
1
0
0
0
8
0
0
0
0
6
1
0
0
0
7
1
0
0
0
6
3
0
2
0
3
6
0
0
0
3
6
0
0
0
3
5
0
1
0
1
5
0
0
0
1
7
0
0
0
3
5
0
0
0
0
8
0
0
0
0
8
0
0
0
0
0
0
0
0
0
0
0
0
0
0
0
0
0
0
0
6
1
0
0
0
7
0
1
0
0
0
0
0
0
0
5
2
0
0
1
4
2
0
1
0
3
4
0
0
0
0
0
0
0
0
2
6
0
0
0
1
5
0
0
0
0
1
2
3
0
0
0
0
0
0
0
7
0
1
0
0
7
0
0
0
0
8
0
0
0
2
0
0
0
0
0
7
1
0
0
0
7
1
0
0
0
