0
8
0
0
1
0
0
0
0
0
0
2
2
0
0
0
1
0
1
0
2
0
0
0
0
0
0
0
0
0
0
0
4
0
0
0
0
0
1
0
1
0
0
0
0
0
0
2
4
6
5
7
10
8
9
6
8
12
12
7
7
5
10
11
9
7
6
10
11
6
7
7
10
9
6
7
6
11
13
5
8
6
11
10
5
6
8
7
13
8
8
6
8
14
11
3
7
5
13
9
8
6
2
16
5
7
8
8
12
8
9
7
2
5
3
0
0
1
3
4
0
0
0
3
0
0
1
0
2
1
0
0
0
0
0
0
0
0
2
3
0
0
1
0
0
0
0
0
0
4
0
0
0
1
0
0
0
0
0
4
0
0
0
0
0
0
0
0
0
6
0
0
0
0
0
0
0
0
0
0
0
0
0
0
0
0
0
0
0
3
1
0
0
0
0
0
0
0
0
0
0
0
0
0
0
0
0
0
0
2
1
0
0
0
0
0
0
0
0
0
0
0
0
0
0
0
0
0
0
0
3
0
0
0
0
6
0
0
0
0
0
0
0
0
0
0
0
0
0
0
3
0
0
0
2
0
0
0
0
0
0
0
0
0
0
6
0
0
0
0
4
0
0
0
0
0
0
0
1
0
0
0
0
0
0
3
1
0
0
0
0
0
1
0
0
0
6
0
0
0
