0.004671
0.003007
0.003038
0.002816
0.002747
0.002995
0.002824
0.002621
0.003773
0.003987
0.002996
0.003568
0.003314
0.003234
0.003344
0.00456
0.00259
0.003066
0.003817
0.003162
0.005034
0.003139
0.003294
0.003265
0.003145
0.004516
0.003242
0.002935
0.002971
0.002687
0.002991
0.003928
0.00309
0.003622
0.003538
0.003154
0.003092
0.002922
0.002527
0.002698
0.002746
0.003127
0.003669
0.002962
0.003031
0.003332
0.0033
0.003282
0.00404
0.003909
0.002987
0.002393
0.00258
0.003137
0.003356
0.002945
0.00331
0.004242
0.003365
0.003213
0.003184
0.003278
0.003055
0.003166
0.003011
0.00308
0.003045
0.003376
0.003042
0.003139
0.003441
0.00359
0.003358
0.003539
0.003205
0.003177
0.004332
0.003531
0.004105
0.004648
0.003385
0.003312
0.003261
0.004516
0.003992
0.004383
0.002894
0.002925
0.004077
0.003567
0.003154
0.002956
0.003274
0.002979
0.003077
0.003438
0.002865
0.002816
0.002808
0.002965
0.002974
0.003197
0.003252
0.003834
0.002855
0.003051
0.003154
0.002895
0.003078
0.002652
0.004162
0.003094
0.003513
0.003248
0.003284
0.003544
0.005492
0.005375
0.003135
0.002745
0.002489
0.002791
0.002783
0.00264
0.002696
0.003148
0.002841
0.002877
0.002947
0.002505
0.002675
0.002686
0.002571
0.002971
0.002878
0.002842
0.002737
0.002571
0.004198
0.002741
0.003048
0.003139
0.004695
0.002946
0.003157
0.002769
0.00359
0.003101
0.003181
0.003533
0.003347
0.003442
0.003371
0.003316
0.003053
0.00329
0.00317
0.003146
0.004446
0.002867
0.003056
0.003017
0.003588
0.003336
0.003274
0.004629
0.003588
0.003462
0.003573
0.003434
0.002846
0.003142
0.003286
0.003259
0.003418
0.003395
0.002754
0.002964
0.002803
0.003128
0.002542
0.003255
0.003162
0.004087
0.003517
0.003803
0.004774
0.003113
0.003326
0.003323
0.003659
0.00318
0.003198
0.003265
0.003714
0.00317
0.003045
0.002948
0.003572
0.003456
0.002864
0.003145
0.002731
0.00294
0.003228
0.003095
0.003403
0.003622
0.003645
0.003853
0.003179
0.003149
0.003356
0.003499
0.00358
0.004191
0.003423
0.003106
0.003584
0.004579
0.003202
0.003158
0.004501
0.003225
0.003251
0.002928
0.002906
0.002692
0.002874
0.002883
0.002802
0.003936
0.002949
0.003722
0.003059
0.003106
0.002746
0.00315
0.003304
0.00365
0.003667
0.003156
0.00318
0.00266
0.002932
0.002749
0.005116
0.004356
0.003348
0.003138
0.002852
0.002831
0.002886
0.002978
0.003229
0.00335
0.003288
0.003367
0.003196
0.003903
0.003489
0.003506
0.003311
0.003375
0.003446
0.003194
0.002901
0.003171
0.004055
0.002515
0.002963
0.002669
0.004256
0.002745
0.003486
0.002877
0.003258
0.002787
0.003112
0.003325
0.002958
0.002808
0.003044
0.002885
0.003353
0.003104
0.003559
0.0035
0.003316
0.003169
0.003068
0.002774
0.004536
0.002958
0.002984
0.003986
0.00229
0.003224
0.002922
0.002928
0.003682
0.00417
0.003208
0.002892
0.003203
0.003142
0.003159
0.002795
0.003646
0.003294
0.003233
0.003352
0.003363
0.00336
0.003253
0.003321
0.00443
0.003796
0.002659
0.002938
0.004055
0.002703
0.002557
0.002774
0.002731
0.002576
0.004072
0.002784
0.003134
0.003223
0.003232
0.003382
0.0034
0.002937
0.003266
0.002942
0.002677
0.003083
0.003255
0.003026
0.003493
0.002553
0.002429
0.002645
0.003726
0.003772
0.003369
0.003211
0.004466
0.004091
0.003538
0.003035
0.003086
0.003449
0.00327
0.00361
0.003542
0.003717
0.004657
0.003988
0.003098
0.002816
0.003145
0.00245
0.002415
0.003042
0.002906
0.003582
0.00301
0.003155
0.005014
0.002971
0.003424
0.003118
0.00347
0.003066
0.003182
0.003413
0.003322
0.004409
0.003651
0.004408
0.004652
0.00424
0.003528
0.002172
0.00282
0.002662
0.002948
0.003253
0.002959
0.003447
0.003228
0.003136
0.003515
0.004148
0.003259
0.00349
0.003152
0.003442
0.003697
0.003386
0.003319
0.004107
0.002982
0.003257
0.003888
0.002877
0.002704
0.003572
0.003408
0.002637
0.002656
0.00325
0.003112
0.003523
0.003159
0.003577
0.00326
0.004303
0.002714
0.004581
0.002746
0.00281
0.003005
0.002832
0.002774
0.003103
0.003162
0.00304
0.002671
0.003516
0.003742
0.003182
0.002889
0.002663
0.002848
0.002727
0.002748
0.002927
0.002862
0.002628
