0.005576372146606445
0.00478816032409668
0.005276679992675781
0.002997159957885742
0.004323482513427734
0.0056231021881103516
0.003513813018798828
0.0032308101654052734
0.003350496292114258
0.003816843032836914
0.004593610763549805
0.003272533416748047
0.0030095577239990234
0.004869222640991211
0.006613969802856445
0.00400996208190918
0.004894733428955078
0.0039899349212646484
0.004470109939575195
0.005209445953369141
0.0045871734619140625
0.004370689392089844
0.0048732757568359375
0.005140781402587891
0.006610393524169922
0.005202054977416992
0.004407405853271484
0.0045490264892578125
0.005587339401245117
0.004675388336181641
0.005488872528076172
0.005784034729003906
0.00496220588684082
0.005138397216796875
0.005923271179199219
0.005110025405883789
0.00465846061706543
0.004499197006225586
0.004225492477416992
0.003905773162841797
0.003446340560913086
0.0041942596435546875
0.0039615631103515625
0.004682302474975586
0.00467228889465332
0.00531315803527832
0.0057163238525390625
0.005949497222900391
0.006486654281616211
0.004255056381225586
0.0049479007720947266
0.004055976867675781
0.004187107086181641
0.004733562469482422
0.004201173782348633
0.003846406936645508
0.003996133804321289
0.004743337631225586
0.006987571716308594
0.004436969757080078
0.004525184631347656
0.0047528743743896484
0.004302501678466797
0.004586696624755859
0.004717350006103516
0.004857540130615234
0.0051727294921875
0.004719257354736328
0.0053822994232177734
0.007487297058105469
0.0052797794342041016
0.004858732223510742
0.00519871711730957
0.005290031433105469
0.007518291473388672
0.004372835159301758
0.0040318965911865234
0.004672527313232422
0.004785776138305664
0.004907846450805664
0.004076957702636719
0.0035448074340820312
0.00391077995300293
0.005440711975097656
0.0052394866943359375
0.00409388542175293
0.004530668258666992
0.0049974918365478516
0.005278348922729492
0.005363941192626953
0.004858970642089844
0.006208896636962891
0.004159450531005859
0.003831148147583008
0.004062652587890625
0.0035772323608398438
0.0036966800689697266
0.003765106201171875
0.00389862060546875
0.004415273666381836
0.0048677921295166016
0.004337310791015625
0.005213260650634766
0.005578279495239258
0.0074748992919921875
0.004329681396484375
0.004773616790771484
0.005824089050292969
0.003948688507080078
0.0035657882690429688
0.004103899002075195
0.004642009735107422
0.004858970642089844
0.004956960678100586
0.004664897918701172
0.004776716232299805
0.0032219886779785156
0.004854917526245117
0.004817485809326172
0.004296302795410156
0.0046765804290771484
0.0033316612243652344
0.0032727718353271484
0.004414558410644531
0.0044825077056884766
0.0034580230712890625
0.003943681716918945
0.0032508373260498047
0.004168033599853516
0.0032815933227539062
0.00374603271484375
0.0034127235412597656
0.003975868225097656
0.004131793975830078
0.003968477249145508
0.0033409595489501953
0.006144046783447266
0.004229307174682617
0.0038945674896240234
0.00529932975769043
0.004842519760131836
0.0049076080322265625
0.0046117305755615234
0.00495147705078125
0.004253864288330078
0.004614353179931641
0.004981279373168945
0.0050504207611083984
0.004231452941894531
0.004292726516723633
0.004646778106689453
0.0061588287353515625
0.004531383514404297
0.004740476608276367
0.0038123130798339844
0.00393223762512207
0.004766225814819336
0.0049898624420166016
0.003526449203491211
0.0035483837127685547
0.003676891326904297
0.003918886184692383
0.0046803951263427734
0.003767251968383789
0.003355741500854492
0.0033555030822753906
0.003325223922729492
0.003993511199951172
0.003716707229614258
0.005272626876831055
0.00643610954284668
0.007521152496337891
0.005193948745727539
0.004058837890625
0.00472259521484375
0.004301309585571289
0.004518270492553711
0.003528594970703125
0.00440526008605957
0.004408836364746094
0.006007194519042969
0.003384113311767578
0.0052068233489990234
0.004443168640136719
0.004871845245361328
0.004575967788696289
0.0054399967193603516
0.0040318965911865234
0.003719806671142578
0.0052013397216796875
0.004493236541748047
0.003358125686645508
0.004617452621459961
0.0043621063232421875
0.005051374435424805
0.004724740982055664
0.0032012462615966797
0.0036170482635498047
0.0032515525817871094
0.0049457550048828125
0.004919528961181641
0.0038232803344726562
0.004823446273803711
0.004279375076293945
0.00347137451171875
0.00486445426940918
0.004079341888427734
0.0038895606994628906
0.004582405090332031
0.004575252532958984
0.004293203353881836
0.005140781402587891
0.005139589309692383
0.006579160690307617
0.006074666976928711
0.004026651382446289
0.0036606788635253906
0.004450798034667969
0.004256248474121094
0.004451751708984375
0.006385326385498047
0.004668474197387695
0.0046923160552978516
0.005921602249145508
0.004542827606201172
0.005589962005615234
0.006318092346191406
0.008218050003051758
0.004540920257568359
0.004776716232299805
0.0042705535888671875
0.004745960235595703
0.005253314971923828
0.006235361099243164
0.004769086837768555
0.0044515132904052734
0.0038716793060302734
0.004117012023925781
0.0037260055541992188
0.004597663879394531
0.005606651306152344
0.005994319915771484
0.005231380462646484
0.006230592727661133
0.004509687423706055
0.0052874088287353516
0.004929065704345703
0.00503087043762207
0.0040972232818603516
0.005244255065917969
0.005285501480102539
0.0059070587158203125
0.007659196853637695
0.004642486572265625
0.0060272216796875
0.0045375823974609375
0.0045013427734375
0.004410505294799805
0.0049474239349365234
0.004159212112426758
0.005871772766113281
0.005869626998901367
0.005599498748779297
0.004344463348388672
0.004068851470947266
0.004943370819091797
0.0048940181732177734
0.00570225715637207
0.004279136657714844
0.004258871078491211
0.0039098262786865234
0.0039370059967041016
0.003973960876464844
0.005166769027709961
0.00409388542175293
0.004263639450073242
0.004086017608642578
0.004450321197509766
0.004072904586791992
0.0045070648193359375
0.0046520233154296875
0.004500389099121094
0.0048406124114990234
0.005949258804321289
0.0041348934173583984
0.004122257232666016
0.0044286251068115234
0.00431513786315918
0.0034172534942626953
0.004578828811645508
0.004584312438964844
0.004849433898925781
0.00648045539855957
0.006392955780029297
0.00415492057800293
0.004579305648803711
0.0044744014739990234
0.005774497985839844
0.006806612014770508
0.004806041717529297
0.00494074821472168
0.00500178337097168
0.004294395446777344
0.004204988479614258
0.004776716232299805
0.005706071853637695
0.004938840866088867
0.004315376281738281
0.004044532775878906
0.003777742385864258
0.004085540771484375
0.003201007843017578
0.0038602352142333984
0.003988027572631836
0.004863739013671875
0.0046994686126708984
0.0043904781341552734
0.005247592926025391
0.005100250244140625
0.005065441131591797
0.0044078826904296875
0.004187345504760742
0.006355762481689453
0.004431486129760742
0.004881858825683594
0.005107402801513672
0.004591464996337891
0.005095720291137695
0.004922151565551758
0.005340099334716797
0.005846738815307617
0.004159450531005859
0.005986452102661133
0.006086111068725586
0.0046994686126708984
0.005148649215698242
0.004630088806152344
0.004932880401611328
0.004670381546020508
0.006971120834350586
0.004752635955810547
0.00476527214050293
0.004702568054199219
0.004513740539550781
0.005472421646118164
0.008269309997558594
0.005011558532714844
0.005065441131591797
0.005040407180786133
0.005791425704956055
0.0049397945404052734
0.004669189453125
0.0034847259521484375
0.004376411437988281
0.003793478012084961
0.005426883697509766
0.004393815994262695
0.004718303680419922
0.004448652267456055
0.004258155822753906
0.004656791687011719
0.003915548324584961
0.004207134246826172
0.004137516021728516
0.004423856735229492
0.004968166351318359
0.004331350326538086
0.004572391510009766
0.004933595657348633
0.006327390670776367
0.00466156005859375
0.004821062088012695
0.006476163864135742
0.004339456558227539
0.004305601119995117
0.0033986568450927734
0.004083156585693359
0.0035495758056640625
0.0059468746185302734
0.005875349044799805
0.005170345306396484
0.006591320037841797
0.005698442459106445
0.005141258239746094
0.004511594772338867
0.006925344467163086
0.005151033401489258
0.004222869873046875
0.0056459903717041016
0.0042269229888916016
0.004395961761474609
0.0046422481536865234
0.004914283752441406
0.0042192935943603516
0.00436711311340332
0.004488229751586914
0.005552530288696289
0.004682064056396484
0.004731178283691406
0.00536799430847168
0.003724813461303711
0.005202770233154297
0.004160642623901367
0.0040340423583984375
0.004430055618286133
0.004457235336303711
0.004596233367919922
0.003870248794555664
0.004006862640380859
0.004909515380859375
0.00431060791015625
0.005209445953369141
0.004997968673706055
0.0053653717041015625
0.0066640377044677734
0.0048923492431640625
0.004961252212524414
0.00441741943359375
0.004990339279174805
0.005136013031005859
0.004461526870727539
0.0035202503204345703
0.0035941600799560547
0.003953695297241211
0.004958391189575195
0.004975795745849609
0.004515886306762695
0.0051958560943603516
0.004611492156982422
0.004987478256225586
0.005196571350097656
0.005566120147705078
0.004549264907836914
0.00436091423034668
0.005407810211181641
0.005135059356689453
0.005044460296630859
0.0045087337493896484
0.00506591796875
0.005057811737060547
0.004472017288208008
0.004399776458740234
0.005074739456176758
0.008133172988891602
0.00458526611328125
0.005023479461669922
0.0044977664947509766
0.004282951354980469
0.004740476608276367
0.004176139831542969
0.004561185836791992
0.004689455032348633
0.004886627197265625
0.005007028579711914
0.004900693893432617
0.006580352783203125
0.004502534866333008
0.005202531814575195
0.0044291019439697266
0.004019260406494141
0.004438877105712891
0.004284381866455078
0.004527091979980469
0.00411224365234375
0.0055654048919677734
0.004910707473754883
0.0039827823638916016
0.003117084503173828
0.0031201839447021484
0.0034134387969970703
0.003912925720214844
0.004410743713378906
0.005141735076904297
0.003168344497680664
0.005258798599243164
0.003420591354370117
0.0035543441772460938
0.0037190914154052734
0.0035352706909179688
0.0037546157836914062
0.003657102584838867
0.0039942264556884766
0.00414276123046875
0.0032317638397216797
0.004205942153930664
0.005312919616699219
0.00450444221496582
0.0031042098999023438
0.005817413330078125
0.004658699035644531
0.0033698081970214844
0.0038492679595947266
0.00437164306640625
0.0048639774322509766
0.003484010696411133
0.005284309387207031
0.0046770572662353516
0.003816843032836914
0.0036482810974121094
0.003412485122680664
0.004138469696044922
0.004739999771118164
0.00405120849609375
0.0028624534606933594
0.0045850276947021484
0.004012346267700195
0.005713462829589844
0.005815744400024414
0.004749298095703125
0.00495600700378418
0.0045354366302490234
0.004460334777832031
0.003996372222900391
0.004826068878173828
0.0047681331634521484
0.004168272018432617
0.0038940906524658203
0.004323720932006836
0.0037527084350585938
0.0034508705139160156
0.0034651756286621094
0.003594636917114258
0.003742218017578125
0.0035305023193359375
0.003565549850463867
0.004739284515380859
0.00497126579284668
0.004749298095703125
0.005010843276977539
0.0057582855224609375
0.004761457443237305
0.005147218704223633
0.005197048187255859
0.004494905471801758
0.0051190853118896484
0.0051310062408447266
0.006478309631347656
0.0048601627349853516
0.004350900650024414
0.005179882049560547
0.004992961883544922
0.0051116943359375
0.006529808044433594
0.0049092769622802734
0.004925727844238281
0.004137516021728516
0.004221439361572266
0.004111051559448242
0.004332304000854492
0.005036830902099609
0.005041599273681641
0.004973888397216797
0.005189657211303711
0.004913330078125
0.004631757736206055
0.0066454410552978516
0.006768941879272461
0.0051021575927734375
0.005173444747924805
0.004845857620239258
0.006478786468505859
0.0048410892486572266
0.004054546356201172
0.004240512847900391
0.0049512386322021484
0.004932880401611328
0.006453990936279297
0.0041272640228271484
0.004173755645751953
0.005097389221191406
0.0041713714599609375
0.004012107849121094
0.004389762878417969
0.003856658935546875
0.00444483757019043
0.004879951477050781
0.0047149658203125
0.005105733871459961
0.0036771297454833984
0.004486799240112305
0.004744529724121094
0.005188703536987305
0.00484013557434082
0.006341457366943359
0.005606412887573242
0.004679679870605469
0.005461692810058594
0.00488734245300293
0.00475764274597168
0.005808115005493164
0.004359722137451172
0.0041692256927490234
0.0038237571716308594
0.003999471664428711
0.005265951156616211
0.004511356353759766
0.003796815872192383
0.0035283565521240234
0.004319906234741211
0.0036034584045410156
0.00401616096496582
0.003774404525756836
0.0036394596099853516
0.003525257110595703
0.0037679672241210938
0.00508427619934082
0.0040738582611083984
0.0046384334564208984
0.0059604644775390625
0.006551504135131836
0.006201028823852539
0.004778146743774414
0.004751443862915039
0.004399299621582031
0.004447221755981445
0.006716489791870117
0.004387378692626953
0.004427194595336914
0.00382232666015625
0.004348278045654297
0.003247976303100586
0.0036928653717041016
0.004397869110107422
0.004345893859863281
0.004340648651123047
0.004512310028076172
0.00602412223815918
0.0046062469482421875
0.0052204132080078125
0.00506901741027832
0.005191326141357422
0.00632786750793457
0.004789590835571289
0.00495147705078125
0.0050542354583740234
0.0067822933197021484
0.0062406063079833984
0.004519462585449219
0.004744529724121094
0.004709005355834961
0.004790782928466797
0.005215644836425781
0.003306865692138672
0.0042057037353515625
0.004094839096069336
0.004761457443237305
0.00500035285949707
0.0048902034759521484
0.005753278732299805
0.004999637603759766
0.00451350212097168
0.0037889480590820312
0.0048105716705322266
0.004846811294555664
0.004275321960449219
0.006057262420654297
0.004675865173339844
0.004130840301513672
0.00510096549987793
0.004648685455322266
0.004316806793212891
0.004533052444458008
0.004656791687011719
0.003950595855712891
0.004614591598510742
0.003787994384765625
0.004398345947265625
0.0041332244873046875
0.004406452178955078
0.004318952560424805
0.004440784454345703
0.005012989044189453
0.005238533020019531
0.0042819976806640625
0.006453514099121094
0.004736423492431641
0.0038487911224365234
0.004866600036621094
0.004781484603881836
0.0049800872802734375
0.004715919494628906
0.005007505416870117
0.00432276725769043
0.006161689758300781
0.005109548568725586
0.00525355339050293
0.004327535629272461
0.003797769546508789
0.005197763442993164
0.0038976669311523438
0.003512144088745117
0.0042569637298583984
0.005251169204711914
0.004456758499145508
0.004481315612792969
0.005303621292114258
0.005117177963256836
0.004402875900268555
0.004292488098144531
0.003874540328979492
0.004415273666381836
0.005573272705078125
0.00529170036315918
0.0041124820709228516
0.004641056060791016
0.004717350006103516
0.004961729049682617
0.005578041076660156
0.005024433135986328
0.0046613216400146484
0.004538536071777344
0.004871845245361328
0.00516819953918457
0.0047321319580078125
0.004948854446411133
0.004898548126220703
0.004951953887939453
0.006188154220581055
0.004392862319946289
0.0052411556243896484
0.006333351135253906
0.005678892135620117
0.0050907135009765625
0.005350589752197266
0.004765510559082031
0.005142688751220703
0.0049974918365478516
0.006567239761352539
0.005101919174194336
0.005005598068237305
0.0034928321838378906
0.0033111572265625
0.005994558334350586
0.0042874813079833984
0.004312276840209961
0.004599571228027344
0.004806995391845703
0.004535198211669922
0.007183551788330078
0.006566524505615234
0.005245685577392578
0.004872560501098633
0.005002737045288086
0.0048809051513671875
0.004626035690307617
0.004520416259765625
0.004899501800537109
0.005991220474243164
0.005288600921630859
0.005155086517333984
0.0047647953033447266
0.004877805709838867
0.005110025405883789
0.006078481674194336
0.004626750946044922
0.0034575462341308594
0.004199028015136719
0.0050241947174072266
0.004533529281616211
0.004235982894897461
0.006270170211791992
0.004760026931762695
0.006210803985595703
0.0053937435150146484
0.004111766815185547
0.0068149566650390625
0.004731416702270508
0.0052106380462646484
0.006555795669555664
0.004350423812866211
0.005143165588378906
0.004679203033447266
0.004775285720825195
0.0059299468994140625
0.004433155059814453
0.00443267822265625
0.00424957275390625
0.004706144332885742
0.004848003387451172
0.004271745681762695
0.004640340805053711
0.005088090896606445
0.0060253143310546875
0.0049724578857421875
0.005120754241943359
0.004842042922973633
0.006086587905883789
0.004494428634643555
0.004644632339477539
0.004916667938232422
0.0040013790130615234
0.0036156177520751953
0.004960536956787109
0.0044248104095458984
0.005107879638671875
0.006617307662963867
0.004517078399658203
0.004492044448852539
0.0042078495025634766
0.0049173831939697266
0.0038826465606689453
0.0035674571990966797
0.0061855316162109375
0.004800319671630859
0.004532814025878906
0.004996061325073242
0.005025148391723633
0.005163669586181641
0.005976676940917969
0.006329059600830078
0.004911661148071289
0.004919767379760742
0.005278348922729492
0.005099773406982422
0.0047605037689208984
0.004292726516723633
0.005129575729370117
0.007927179336547852
0.004720449447631836
0.004477262496948242
0.0044400691986083984
0.0051479339599609375
0.004198551177978516
0.004803180694580078
0.006914615631103516
0.00529932975769043
0.004950046539306641
0.005198240280151367
0.0043964385986328125
0.004658699035644531
0.005446195602416992
0.006247043609619141
0.005002021789550781
0.004947662353515625
0.0068149566650390625
0.005359649658203125
0.004629373550415039
0.005621433258056641
0.004343271255493164
0.005165815353393555
0.004919767379760742
0.004467010498046875
0.004380464553833008
0.004434823989868164
0.004305839538574219
0.003672361373901367
0.004355907440185547
0.0043184757232666016
0.004024028778076172
0.004039764404296875
0.004935026168823242
0.0042154788970947266
0.005289554595947266
0.0047338008880615234
0.004615068435668945
0.006536006927490234
0.0045642852783203125
0.005234718322753906
0.0041539669036865234
0.004948854446411133
0.004872322082519531
0.003402233123779297
0.006121635437011719
0.004789590835571289
0.0035774707794189453
0.003893613815307617
0.003385782241821289
0.004364728927612305
0.003224611282348633
0.003462076187133789
0.0029449462890625
0.003236055374145508
0.004525184631347656
0.004057884216308594
0.004763364791870117
0.005072832107543945
0.004851102828979492
0.005083322525024414
0.004609584808349609
0.004900693893432617
0.004454135894775391
0.004799842834472656
0.004400014877319336
0.004299640655517578
0.0049839019775390625
0.005200862884521484
0.004773378372192383
0.00643157958984375
0.004438877105712891
0.004045963287353516
0.004265308380126953
0.0036406517028808594
0.004218578338623047
0.004005908966064453
0.004835844039916992
0.005110502243041992
0.004824161529541016
0.0068857669830322266
0.004816770553588867
0.0048215389251708984
0.004862070083618164
0.005045413970947266
0.005612611770629883
0.0034873485565185547
0.003939390182495117
0.00431513786315918
0.003802061080932617
0.0048258304595947266
0.005443572998046875
0.006437063217163086
0.003337383270263672
0.004246950149536133
0.0044209957122802734
0.003406524658203125
0.003690958023071289
0.003975391387939453
0.00461888313293457
0.0037450790405273438
0.003580331802368164
0.003977298736572266
0.005429744720458984
0.005529642105102539
0.005470991134643555
0.003427743911743164
0.004851818084716797
0.003943443298339844
0.00439453125
0.006251335144042969
0.005582332611083984
0.004803895950317383
0.004743099212646484
0.0041925907135009766
0.00506138801574707
0.00526881217956543
0.0049936771392822266
0.004566669464111328
0.004611015319824219
0.0049703121185302734
0.0043544769287109375
0.0038590431213378906
0.0031347274780273438
0.004052400588989258
0.004704952239990234
0.003900766372680664
0.0037832260131835938
0.004095792770385742
0.00483393669128418
0.005749225616455078
0.00606989860534668
0.006008148193359375
0.004625797271728516
0.00443267822265625
0.003704547882080078
0.0034813880920410156
0.004022359848022461
0.005010843276977539
0.004717826843261719
0.0045070648193359375
0.005009174346923828
0.004899501800537109
0.004858255386352539
0.00565028190612793
0.005350351333618164
0.007051229476928711
0.004887104034423828
0.005537748336791992
0.005345344543457031
0.005184650421142578
0.005429506301879883
0.0036966800689697266
0.004763364791870117
0.0053102970123291016
0.005926609039306641
0.005106210708618164
0.005223512649536133
0.005415916442871094
0.005376338958740234
0.0055582523345947266
0.0055272579193115234
0.005440950393676758
0.0049817562103271484
0.005408287048339844
0.00554347038269043
0.005097150802612305
0.004401206970214844
0.0050275325775146484
0.005466938018798828
0.0043315887451171875
0.0043277740478515625
0.0038938522338867188
0.004048824310302734
0.00473785400390625
0.004827260971069336
0.005236387252807617
0.005021095275878906
0.004777431488037109
0.00580596923828125
0.00549626350402832
0.0044977664947509766
0.005433559417724609
