0.003474
0.003617
0.003135
0.002539
0.002673
0.003368
0.003031
0.002507
0.002786
0.002424
0.003488
0.003499
0.003462
0.002566
0.002921
0.003627
0.002797
0.003373
0.003072
0.002859
0.003514
0.003303
0.003469
0.002781
0.003009
0.003415
0.002626
0.003517
0.003457
0.002698
0.002854
0.003685
0.003358
0.002827
0.002743
0.002893
0.00297
0.00341
0.002757
0.002475
0.003158
0.003161
0.00337
0.003427
0.003221
0.003289
0.003278
0.002994
0.00333
0.002712
0.00337
0.00316
0.003057
0.003435
0.003211
0.0033
0.003151
0.002919
0.003012
0.003509
0.003176
0.002965
0.003368
0.00346
0.003521
0.003538
0.003582
0.002634
0.002863
0.00344
0.003327
0.003223
0.003495
0.003316
0.00299
0.003545
0.003406
0.003159
0.002571
0.002628
0.00283
0.002346
0.003366
0.002622
0.003602
0.003455
0.003363
0.00342
0.00254
0.00292
0.002552
0.00206
0.002762
0.002788
0.003288
0.002969
0.003176
0.002934
0.002156
0.002066
0.0022
0.002289
0.002619
0.00256
0.002307
0.002487
0.002271
0.002615
0.002842
0.002997
0.002577
0.003113
0.002412
0.002764
0.002804
0.002733
0.003428
0.003397
0.003622
0.003668
0.002946
0.003342
0.003237
0.002457
0.002441
0.001774
0.002987
0.002962
0.003165
0.003014
0.002523
0.003292
0.003237
0.002459
0.002721
0.003553
0.00355
0.003104
0.003267
0.003324
0.003343
0.00281
0.002393
0.002609
0.002938
0.00407
0.003033
0.003075
0.002827
0.003013
0.003084
0.002299
0.003263
0.003249
0.003838
0.003243
0.002763
0.002773
0.003175
0.002889
0.003357
0.003596
0.00312
0.002488
0.003537
0.004023
0.002394
0.003602
0.003771
0.003433
0.002846
0.002888
0.002829
0.002211
0.003702
0.002746
0.002683
0.002737
0.002775
0.00191
0.002047
0.002822
0.002146
0.002248
0.00192
0.002523
0.003379
0.001981
0.002382
0.002161
0.001893
0.002632
0.002216
0.001793
0.002151
0.003002
0.002985
0.002204
0.002156
0.002532
0.002653
0.002555
0.00249
0.002794
0.002529
0.002703
0.003189
0.00227
0.002478
0.002285
0.002576
0.00255
0.002587
0.002672
0.002212
0.003043
0.002886
0.003582
0.003914
0.003159
0.003078
0.002803
0.003507
0.0027
0.002976
0.002664
0.00257
0.002991
0.003218
0.002993
0.00339
0.003388
0.003759
0.002783
0.00242
0.002943
0.004015
0.002976
0.004146
0.004341
0.00329
0.003281
0.003369
0.003366
0.003219
0.002868
0.002623
0.003114
0.002221
0.002989
0.003147
0.003412
0.002799
0.002505
0.003092
0.002905
0.002489
0.003304
0.003565
0.003474
0.003521
0.003553
0.00298
0.002299
0.003506
0.003414
0.003208
0.003733
0.003345
0.00283
0.002966
0.002357
0.00256
0.00284
0.003453
0.003037
0.003386
0.003094
0.002592
0.002811
0.002578
0.002499
0.004189
0.003335
0.00334
0.003484
0.003225
0.004091
0.002753
0.002917
0.002718
0.003546
0.002878
0.003979
0.00308
0.002804
0.003286
0.00296
0.00246
0.002381
