0.003432
0.003942
0.003671
0.003783
0.004103
0.004276
0.004031
0.003978
0.003895
0.00588
0.004073
0.004357
0.004147
0.004023
0.005214
0.004694
0.004373
0.005092
0.003786
0.004563
0.004882
0.004219
0.004217
0.005355
0.004899
0.004267
0.004052
0.004208
0.004098
0.004333
0.004209
0.004193
0.004256
0.004163
0.004281
0.00387
0.003906
0.003957
0.004131
0.004492
0.004221
0.004258
0.004312
0.004079
0.004325
0.004349
0.003921
0.003927
0.004174
0.003763
0.00381
0.004128
0.003927
0.003805
0.004179
0.003875
0.003875
0.005187
0.004549
0.004124
0.004006
0.0044
0.004159
0.004077
0.004123
0.004292
0.004085
0.004051
0.004266
0.004085
0.004125
0.004066
0.004188
0.004074
0.00384
0.003845
0.004817
0.0039
0.004422
0.004467
0.0041
0.005223
0.003973
0.003919
0.004761
0.003894
0.00406
0.004439
0.004545
0.003785
0.004067
0.003739
0.005222
0.004848
0.004338
0.004599
0.004091
0.004259
0.003966
0.004117
0.006049
0.003824
0.004076
0.003845
0.00373
0.003892
0.004147
0.003986
0.003915
0.004366
0.003999
0.0044
0.004092
0.004179
0.004191
0.004251
0.00427
0.004192
0.004268
0.004367
0.005586
0.004227
0.005125
0.004384
0.006117
0.004753
0.004019
0.003981
0.00537
0.004082
0.004048
0.0039
0.004093
0.004315
0.004014
0.004222
0.004192
0.004523
0.004068
0.004251
0.004287
0.004096
0.00419
0.004032
0.004155
0.003929
0.004673
0.004075
0.003845
0.005436
0.005111
0.004119
0.003916
0.004074
0.00391
0.005027
0.004378
0.003911
0.00409
0.004347
0.004109
0.004074
0.004283
0.004313
0.004126
0.004178
0.00434
0.004292
0.004116
0.004262
0.004325
0.00397
0.00414
0.004552
0.003979
0.004229
0.004259
0.004276
0.004157
0.005573
0.006408
0.004057
0.00386
0.004685
0.003916
0.004081
0.004248
0.003963
0.00384
0.004309
0.004281
0.004059
0.004077
0.005698
0.004291
0.00417
0.004157
0.004775
0.004025
0.003841
0.003842
0.004266
0.003876
0.005611
0.005741
0.004026
0.003983
0.004175
0.004239
0.004208
0.004312
0.004246
0.004003
0.003776
0.0044
0.004087
0.004221
0.004258
0.004188
0.004089
0.004079
0.004266
0.004088
0.003904
0.004274
0.004148
0.00442
0.003965
0.004028
0.004177
0.004416
0.00452
0.004154
0.004476
0.005174
0.003723
0.003835
0.004059
0.004241
0.003997
0.004467
0.003754
0.004789
0.004092
0.00423
0.004233
0.00411
0.004264
0.005095
0.003788
0.00399
0.003828
0.004058
0.00386
0.004193
0.004167
0.004177
0.003933
0.004819
0.004198
0.004478
0.004283
0.004011
0.004023
0.004428
0.004206
0.004191
0.003987
0.004052
0.004102
0.004081
0.004468
0.00391
0.004078
0.003978
0.004138
0.004119
0.005054
0.004295
0.004237
0.007742
0.003988
0.004011
0.003913
0.004237
0.004157
0.004079
0.004442
0.004057
0.006309
0.004066
0.004945
0.004447
0.003891
0.003514
0.003753
0.004074
0.004129
0.004181
0.004023
0.004018
0.004239
0.003864
0.004037
0.004116
0.004201
0.004102
0.004339
0.004013
0.004003
0.004221
0.004
0.004097
0.004122
0.004517
0.005214
0.003455
0.004274
0.004341
0.005404
0.005165
0.004195
0.004004
0.004194
0.004238
0.004157
0.004018
0.004086
0.004082
0.004068
0.004225
0.004144
0.004212
0.004041
0.004275
0.00403
0.004318
0.005526
0.003903
0.003419
0.003239
0.004146
0.00407
0.003259
0.004143
0.00439
0.00415
0.00461
0.0041
0.004201
0.004328
0.004277
0.004061
0.004061
0.00414
0.003992
0.004341
0.005511
0.004116
0.00553
0.003938
0.004725
0.003553
0.003607
0.004255
0.003573
0.004435
0.004191
0.004846
0.004617
0.004381
0.004216
0.004947
0.004063
0.004085
0.005915
0.003901
0.004061
0.004033
0.004237
0.004134
0.003725
0.004094
0.004151
0.004833
0.003675
0.004201
0.003808
0.004038
0.004045
0.004049
0.004147
0.004082
0.004272
0.004283
0.003986
0.004384
0.003993
0.004057
0.004405
0.004346
0.004068
0.003968
0.004096
0.003934
0.004249
0.004329
0.004638
0.004735
0.003683
0.003311
0.003634
0.004733
0.00529
0.003959
0.003899
0.003817
0.003707
0.003835
0.004074
0.004055
0.004086
0.004082
0.004125
0.00452
0.00418
0.00397
0.004293
0.003991
0.004239
0.004273
0.004351
0.004105
0.004063
0.004745
0.004217
0.003914
0.004404
0.003824
0.003326
0.003491
0.003804
0.003612
0.00361
0.003381
0.003595
0.003551
0.00372
0.003591
0.003623
0.0037
0.003493
0.003718
0.003998
0.003636
0.003536
0.003499
0.003793
0.003636
0.003666
0.003784
0.003913
0.003481
0.003674
0.003791
0.003592
0.00379
0.003636
0.003611
0.003648
0.003652
0.003676
0.00354
0.003544
0.003612
0.003551
0.00363
0.003765
0.003529
0.003943
0.003796
0.00338
0.003886
0.003638
0.004215
0.003969
0.003754
0.003699
0.003674
0.003595
0.003679
0.003493
0.003448
0.003924
0.003652
0.003518
0.003714
0.003573
0.003774
0.003744
0.003703
0.003746
0.003553
0.003738
0.003688
0.003581
0.003889
0.003465
0.003378
0.003565
0.003564
0.003582
0.003639
0.003487
0.003678
0.003695
0.003816
0.003518
0.003499
0.003647
0.003584
0.003605
0.00337
0.00354
0.003607
0.003695
0.003767
0.003511
0.003638
0.0038
0.003765
0.003601
0.003841
0.003597
0.003701
0.003941
0.003637
0.003606
0.003776
0.003618
0.003337
0.003293
0.003711
0.003557
0.003599
0.003716
0.003573
0.00352
0.003765
0.003517
0.003462
0.003759
0.003677
0.003889
0.003636
0.003513
0.003534
0.003711
0.00381
0.003786
0.003533
0.003525
0.003684
0.003891
0.003925
0.003647
0.003649
0.003704
0.003618
0.003549
0.003725
0.003516
0.003781
0.003664
0.00347
0.00357
0.003849
0.003725
0.003655
0.003649
0.003612
0.003767
0.003664
0.003455
0.003748
0.003562
0.003823
0.00376
0.003728
0.003641
0.003566
0.003658
0.003419
0.004242
0.003655
0.003544
0.003446
0.003645
0.003563
0.003655
0.003905
0.003674
0.003712
0.003794
0.003547
0.003688
0.003661
0.003844
0.003479
0.003975
0.003661
0.003856
0.003616
0.003623
0.003616
0.003575
0.003596
0.003577
0.003605
0.003605
0.003612
0.003627
0.004175
0.003909
0.003675
0.003781
0.003832
0.003756
0.003649
0.003705
0.003665
0.003567
0.004162
0.003752
0.003657
0.003986
0.003626
0.003754
0.003566
0.003589
0.003692
0.003613
0.003534
0.003621
0.003563
0.003725
0.003698
0.00381
0.003695
0.003527
0.003819
0.003802
0.003831
0.003834
0.003524
0.003613
0.003826
0.003648
0.003675
0.0039
0.003944
0.003706
0.0039
0.003484
0.00367
0.003826
0.003665
0.003544
0.003622
0.003793
0.003869
0.00367
0.003742
0.003792
0.003684
0.003724
0.003593
0.003566
0.003861
0.003731
0.003687
0.003653
0.003763
0.003904
0.003724
0.003834
0.00374
0.003478
0.003446
0.00353
0.003438
0.003514
0.003584
0.003851
0.003581
0.003707
0.003701
0.003763
0.003803
0.003828
0.00371
0.003714
0.003857
0.003924
0.003554
0.003626
0.0038
0.003772
0.003757
0.003844
0.003689
0.003607
0.003689
0.003819
0.003413
0.003737
0.003611
0.003587
0.003693
0.003788
0.003604
0.003777
0.004096
0.003594
0.003825
0.003916
0.00373
0.003766
0.003788
0.003755
0.003802
0.00363
0.003864
0.003552
0.003573
0.003782
0.003701
0.003823
0.003775
0.003795
0.003467
0.003674
0.003925
0.003579
0.003653
0.003637
0.003398
0.00371
0.003719
0.003657
0.00355
0.003691
0.003607
0.003437
0.003739
0.003702
0.003722
0.003763
0.0036
0.00353
0.003585
0.003568
0.003399
0.003615
0.003598
0.003663
0.003486
0.003587
0.003649
0.003371
0.003681
0.003771
0.003602
0.003555
0.003713
0.003469
0.003749
0.003862
0.003663
0.003546
0.003681
0.003577
0.00349
0.003454
0.003527
0.003542
0.003725
0.003678
0.003747
0.003639
0.003741
0.003672
0.00367
0.003679
0.003854
0.003684
0.003716
0.003828
0.003479
0.003797
0.003732
0.003743
0.003726
0.003807
0.003765
0.003646
0.003493
0.003515
0.003808
0.003691
0.003537
0.003473
0.003591
0.003648
0.003524
0.003742
0.003668
0.003643
0.003681
0.003788
0.003729
0.003509
0.003926
0.003886
0.003615
0.003562
0.003749
0.003618
0.004004
0.003606
0.003608
0.003733
0.003773
0.003791
0.003631
0.003551
0.003963
0.003936
0.003746
0.003897
0.003777
0.003697
0.003791
0.003675
0.003533
0.003824
0.003769
0.003626
0.003747
0.003864
0.004045
0.003854
0.003586
0.003172
0.003866
0.003671
0.00365
0.003658
0.003687
0.003733
0.003595
0.003591
0.003927
0.003735
0.003796
0.003773
0.003735
0.003555
0.003794
0.004063
0.003793
0.00369
0.003898
0.00352
0.003812
0.003695
0.003471
0.003633
0.003558
0.003589
0.003524
0.003598
0.003831
0.003443
0.003434
0.003641
0.003688
0.003745
0.003777
0.003776
0.003662
0.003834
0.003814
0.003444
0.003639
0.003744
0.003685
0.003741
0.003851
0.004017
0.003689
0.00364
0.003716
0.003703
0.0037
0.003639
0.00368
0.00362
0.003705
0.003706
0.003802
0.003758
0.003859
0.003773
0.003876
0.003771
0.003829
0.003575
0.003882
0.004053
0.003514
0.003667
0.004019
0.003653
0.003771
0.003496
0.003543
0.003502
0.003503
0.003598
0.003691
0.003853
0.003882
0.003595
0.003864
0.003656
0.003782
0.003814
0.003689
0.003655
0.003759
0.003629
0.003738
0.003687
0.003776
0.003402
0.003833
0.003718
0.003581
0.003527
0.003718
0.003613
0.003552
0.003587
0.003546
0.003601
0.00366
0.003628
0.003566
0.003706
0.003672
0.00386
0.003667
0.003576
0.003659
0.003758
0.003622
0.003797
0.003732
0.003698
0.003956
0.003546
0.003582
0.003597
0.003558
0.003695
0.003584
0.003708
0.00342
0.003739
0.003845
0.003552
0.003665
0.003731
0.003617
0.003768
0.003814
0.003663
0.003667
0.00384
0.003728
0.003548
0.003675
0.004038
0.003753
0.003453
0.003706
0.0036
0.003782
0.003714
