0.006524801254272461
0.0063588619232177734
0.006566286087036133
0.006542682647705078
0.008342742919921875
0.006861686706542969
0.008360862731933594
0.00688481330871582
0.006820201873779297
0.0067291259765625
0.0070171356201171875
0.008513689041137695
0.006965160369873047
0.006911516189575195
0.006626129150390625
0.007071018218994141
0.006619691848754883
0.008138656616210938
0.007725238800048828
0.00670170783996582
0.0070455074310302734
0.006588459014892578
0.00816798210144043
0.006524324417114258
0.007002115249633789
0.007134914398193359
0.007227420806884766
0.006821393966674805
0.0069043636322021484
0.006679534912109375
0.006806135177612305
0.006854057312011719
0.006889820098876953
0.007178783416748047
0.007167339324951172
0.00784754753112793
0.006758928298950195
0.006836891174316406
0.007152080535888672
0.0070590972900390625
0.007048130035400391
0.007380247116088867
0.006844758987426758
0.007001638412475586
0.007883071899414062
0.006708383560180664
0.0068531036376953125
0.00706791877746582
0.008938074111938477
0.006841182708740234
0.006745815277099609
0.006680488586425781
0.0074079036712646484
0.006977081298828125
0.007079601287841797
0.008290290832519531
0.006805419921875
0.0067708492279052734
0.006889820098876953
0.0073833465576171875
0.0072705745697021484
0.006952047348022461
0.008707761764526367
0.008314847946166992
0.008454084396362305
0.007179737091064453
0.00892496109008789
0.006967067718505859
0.007239580154418945
0.008016824722290039
0.00886988639831543
0.006874561309814453
0.006976127624511719
0.006883144378662109
0.006896018981933594
0.0065708160400390625
0.008378028869628906
0.006926298141479492
0.007941246032714844
0.007275104522705078
0.008258342742919922
0.006871938705444336
0.00687718391418457
0.006818294525146484
0.007048845291137695
0.006945371627807617
0.0067102909088134766
0.007089376449584961
0.006926298141479492
0.007170200347900391
0.0067348480224609375
0.0069179534912109375
0.006929159164428711
0.0071756839752197266
0.007063150405883789
0.006890773773193359
0.007102012634277344
0.008326530456542969
0.007241249084472656
0.006990671157836914
0.007092475891113281
0.006983280181884766
0.007322788238525391
0.007294654846191406
0.006758451461791992
0.007598876953125
0.009559869766235352
0.008419036865234375
0.007183074951171875
0.0072786808013916016
0.006924152374267578
0.006635904312133789
0.007100343704223633
0.007212400436401367
0.006988048553466797
0.006840944290161133
0.00684356689453125
0.007213115692138672
0.007081270217895508
0.0070955753326416016
0.007915496826171875
0.006816864013671875
0.007043361663818359
0.006682395935058594
0.006902933120727539
0.008159160614013672
0.006864786148071289
0.0069980621337890625
0.00691986083984375
0.007021903991699219
0.006929874420166016
0.007062435150146484
0.006997108459472656
0.006867408752441406
0.006996870040893555
0.00781393051147461
0.008912324905395508
0.0068857669830322266
0.007078409194946289
0.007267475128173828
0.0070149898529052734
0.007025480270385742
0.006910562515258789
0.006974697113037109
0.0070455074310302734
0.007008790969848633
0.007008075714111328
0.006894826889038086
0.0069026947021484375
0.006752490997314453
0.0068645477294921875
0.0070688724517822266
0.006880998611450195
0.007256031036376953
0.007222414016723633
0.007066249847412109
0.0069293975830078125
0.006914854049682617
0.007238149642944336
0.006708383560180664
0.00661015510559082
0.008615255355834961
0.008493661880493164
0.00765681266784668
0.007729768753051758
0.01009821891784668
0.008830785751342773
0.007346630096435547
0.0073773860931396484
0.007116794586181641
0.007097959518432617
0.007043123245239258
0.007063627243041992
0.0069732666015625
0.007081270217895508
0.00738215446472168
0.007085084915161133
0.0072062015533447266
0.008687019348144531
0.006812334060668945
0.0069904327392578125
0.007020473480224609
0.00744938850402832
0.00680232048034668
0.0070040225982666016
0.006995677947998047
0.008443593978881836
0.006819248199462891
0.006931781768798828
0.007192373275756836
0.007104158401489258
0.007260560989379883
0.0070421695709228516
0.0069386959075927734
0.006909847259521484
0.00675654411315918
0.006670713424682617
0.0070264339447021484
0.006700754165649414
0.006774187088012695
0.006810426712036133
0.007115602493286133
0.007010459899902344
0.007181406021118164
0.007398366928100586
0.006970643997192383
0.007950782775878906
0.007530927658081055
0.006880521774291992
0.006884336471557617
0.00718235969543457
0.007027149200439453
0.0067844390869140625
0.008149385452270508
0.006927013397216797
0.007384777069091797
0.008602380752563477
0.0072879791259765625
0.008209228515625
0.008166790008544922
0.007109403610229492
0.0069425106048583984
0.006582498550415039
0.0070531368255615234
0.006710529327392578
0.006797075271606445
0.00698542594909668
0.008701562881469727
0.006768226623535156
0.008973360061645508
0.006850004196166992
0.007505893707275391
0.0069484710693359375
0.008476018905639648
0.008074283599853516
0.0072557926177978516
0.006896018981933594
0.007378339767456055
0.006911516189575195
0.007251739501953125
0.007358074188232422
0.007167816162109375
0.006835460662841797
0.0070493221282958984
0.006389141082763672
0.008253335952758789
0.009675264358520508
0.007091999053955078
0.00764775276184082
0.007230281829833984
0.007257938385009766
0.006987333297729492
0.006862163543701172
0.007171154022216797
0.007269620895385742
0.007776498794555664
0.008451461791992188
0.008103370666503906
0.006944894790649414
0.006839275360107422
0.008083581924438477
0.007967472076416016
0.007944107055664062
0.007090330123901367
0.007042646408081055
0.0068323612213134766
0.007267475128173828
0.0070607662200927734
0.006802082061767578
0.006809234619140625
0.0071048736572265625
0.0067903995513916016
0.007239580154418945
0.006918191909790039
0.006925344467163086
0.00724029541015625
0.007206439971923828
0.006892204284667969
0.006833791732788086
0.006967067718505859
0.006883144378662109
0.007001638412475586
0.006917715072631836
0.006788969039916992
0.007033824920654297
0.0068857669830322266
0.0069141387939453125
0.006890296936035156
0.00768280029296875
0.0069353580474853516
0.006876945495605469
0.007269382476806641
0.007008790969848633
0.007086753845214844
0.007467985153198242
0.006990671157836914
0.007067441940307617
0.006647348403930664
0.006810665130615234
0.007197380065917969
0.0071201324462890625
0.007117509841918945
0.006993293762207031
0.0068814754486083984
0.008589744567871094
0.007054567337036133
0.007065534591674805
0.00674128532409668
0.006631374359130859
0.006875753402709961
0.007307529449462891
0.007620811462402344
0.006803274154663086
0.0066013336181640625
0.006972312927246094
0.006602048873901367
0.006909370422363281
0.007097482681274414
0.0076141357421875
0.0068128108978271484
0.007185459136962891
0.006820201873779297
0.00881648063659668
0.009216547012329102
0.008785724639892578
0.0071184635162353516
0.0068323612213134766
0.008382558822631836
0.0076901912689208984
0.008225679397583008
0.007236957550048828
0.007004737854003906
0.007329463958740234
0.007022857666015625
0.007445335388183594
0.007027149200439453
0.006941318511962891
0.00871133804321289
0.006945371627807617
0.00783991813659668
0.006197929382324219
0.0070955753326416016
0.006969451904296875
0.006707906723022461
0.009333372116088867
0.008327245712280273
0.007163286209106445
0.007370710372924805
0.006829500198364258
0.006877422332763672
0.007030010223388672
0.007032632827758789
0.006872653961181641
0.007861614227294922
0.007171154022216797
0.0066640377044677734
0.007050275802612305
0.006874561309814453
0.007067680358886719
0.007222890853881836
0.007100343704223633
0.007025957107543945
0.006827831268310547
0.006971597671508789
0.007012367248535156
0.0068166255950927734
0.006905078887939453
0.0066678524017333984
0.006619691848754883
0.00714874267578125
0.006789684295654297
0.006982326507568359
0.00742793083190918
0.007860422134399414
0.008140087127685547
0.006979942321777344
0.006865262985229492
0.0067462921142578125
0.007046937942504883
0.007061481475830078
0.008016824722290039
0.008250713348388672
0.007090568542480469
0.007284402847290039
0.0067255496978759766
0.006971597671508789
0.006957054138183594
0.006853818893432617
0.007975578308105469
0.007196664810180664
0.006848573684692383
0.007039546966552734
0.007215261459350586
0.007356405258178711
0.006571054458618164
0.0068814754486083984
0.006948232650756836
0.006783723831176758
0.006801605224609375
0.007039070129394531
0.0066874027252197266
0.006940126419067383
0.006888151168823242
0.008464574813842773
0.007069826126098633
0.006829738616943359
0.006996631622314453
0.0070629119873046875
0.007008790969848633
0.006927013397216797
0.006905794143676758
0.0073642730712890625
0.007080554962158203
0.006993532180786133
0.007162332534790039
0.007248640060424805
0.006736278533935547
0.0069882869720458984
0.008372783660888672
0.007101774215698242
0.008184671401977539
0.006963253021240234
0.006792545318603516
0.007055044174194336
0.007308244705200195
0.006872415542602539
0.006631135940551758
0.007160663604736328
0.0070590972900390625
0.007073402404785156
0.008600473403930664
0.00839090347290039
0.00843954086303711
0.007992982864379883
0.0070455074310302734
0.006705760955810547
0.00787210464477539
0.007008790969848633
0.007243633270263672
0.006760835647583008
0.006880521774291992
0.006236553192138672
0.0062999725341796875
0.006488800048828125
0.006731748580932617
0.0065538883209228516
0.00689697265625
0.006894826889038086
0.006853818893432617
0.008381366729736328
0.011180400848388672
0.006969451904296875
0.007844209671020508
0.006839275360107422
0.006801128387451172
0.007051944732666016
0.006987810134887695
0.007025718688964844
0.006748199462890625
0.007050514221191406
0.006866931915283203
0.006833791732788086
0.006964445114135742
0.007843971252441406
0.0070040225982666016
0.007033109664916992
0.006766557693481445
0.006600618362426758
0.0069162845611572266
0.006959438323974609
0.0067555904388427734
0.006778717041015625
0.008696794509887695
0.00866389274597168
0.0066564083099365234
0.006883144378662109
0.006768703460693359
0.006865739822387695
0.006749868392944336
0.006767749786376953
0.00974583625793457
0.008899450302124023
0.008018970489501953
0.0067310333251953125
0.0068569183349609375
0.006906270980834961
0.0068438053131103516
0.008230447769165039
0.006981372833251953
0.006755828857421875
0.006646394729614258
0.007796287536621094
0.0067517757415771484
0.006684780120849609
0.007393598556518555
0.007187843322753906
0.007856369018554688
0.007996559143066406
0.006826639175415039
0.0067768096923828125
0.007042884826660156
0.006719350814819336
0.006951808929443359
0.0068225860595703125
0.00693202018737793
0.0070953369140625
0.007018566131591797
0.00788736343383789
0.006991147994995117
0.007014036178588867
0.0068531036376953125
0.006983518600463867
0.00752711296081543
0.006617307662963867
0.006377696990966797
0.006666660308837891
0.006653547286987305
0.007037162780761719
0.006844997406005859
0.006985902786254883
0.007299661636352539
0.007224321365356445
0.008191585540771484
0.008863449096679688
0.008999347686767578
0.006961345672607422
0.007475137710571289
0.006715297698974609
0.006788492202758789
0.006622791290283203
0.006958484649658203
0.006814718246459961
0.006802558898925781
0.007218599319458008
0.006806612014770508
0.006925821304321289
0.006798982620239258
0.00837254524230957
0.006966114044189453
0.006626605987548828
0.006961822509765625
0.007031917572021484
0.006659746170043945
0.007040500640869141
0.007893562316894531
0.008625268936157227
0.0069561004638671875
0.007424354553222656
0.007566928863525391
0.007511138916015625
0.006710529327392578
0.007010698318481445
0.007324695587158203
0.006704568862915039
0.006724119186401367
0.0071506500244140625
0.0070493221282958984
0.006758451461791992
0.008348226547241211
0.00713801383972168
0.006646156311035156
0.00877833366394043
0.007848262786865234
0.00760340690612793
0.008025646209716797
0.006663322448730469
0.006901979446411133
0.0068323612213134766
0.007035732269287109
0.006987333297729492
0.006882429122924805
0.008002519607543945
0.007951021194458008
0.008667230606079102
0.00833582878112793
0.00834512710571289
0.00886988639831543
0.0076329708099365234
0.007816553115844727
0.0072214603424072266
0.007908344268798828
0.008317947387695312
0.007926702499389648
0.008230924606323242
0.007080793380737305
0.006857872009277344
0.0068569183349609375
0.00843191146850586
0.006781339645385742
0.008285999298095703
0.007180213928222656
0.006899356842041016
0.007543802261352539
0.0070743560791015625
0.007010698318481445
0.0070934295654296875
0.007073879241943359
0.007182121276855469
0.007114410400390625
0.006849527359008789
0.007035255432128906
0.006849527359008789
0.007049083709716797
0.0073566436767578125
0.0071659088134765625
0.007021903991699219
0.009026527404785156
0.006794452667236328
0.006791114807128906
0.006722688674926758
0.008357048034667969
0.009566545486450195
0.006675004959106445
0.007201671600341797
0.00701904296875
0.006890535354614258
0.0072972774505615234
0.006917715072631836
0.006670475006103516
0.007088899612426758
0.00709986686706543
0.006735801696777344
0.006968021392822266
0.0068895816802978516
0.006882429122924805
0.007249116897583008
0.007208347320556641
0.006960391998291016
0.006994724273681641
0.0072727203369140625
0.0069620609283447266
0.007256984710693359
0.007222652435302734
0.008117198944091797
0.006639003753662109
0.006704092025756836
0.006819248199462891
0.007055521011352539
0.008163690567016602
0.007449150085449219
0.00817251205444336
0.007935285568237305
0.008380889892578125
0.008046627044677734
0.008538484573364258
0.008335351943969727
0.008869647979736328
0.007997751235961914
0.007282733917236328
0.007968664169311523
0.0068759918212890625
0.006912708282470703
0.008944272994995117
0.0071027278900146484
0.0070650577545166016
0.0067920684814453125
0.007044792175292969
0.007153034210205078
0.0070002079010009766
0.006828784942626953
0.006730318069458008
0.006833791732788086
0.0074024200439453125
0.006871700286865234
0.006613969802856445
0.0070989131927490234
0.006651878356933594
0.006575345993041992
0.0069599151611328125
0.007014751434326172
0.006928205490112305
0.007234811782836914
0.0068662166595458984
0.007043361663818359
0.007344961166381836
0.007146120071411133
0.006984710693359375
0.007130622863769531
0.0067501068115234375
0.006964683532714844
0.0077610015869140625
0.007134437561035156
0.006764411926269531
0.006869792938232422
0.00740814208984375
0.007472038269042969
0.007691621780395508
0.007309436798095703
0.0071489810943603516
0.006972312927246094
0.007093906402587891
0.006852388381958008
0.007167339324951172
0.007130622863769531
0.007109165191650391
0.008415699005126953
0.007834434509277344
0.006909847259521484
0.006791114807128906
0.006891012191772461
0.00733184814453125
0.006680488586425781
0.007245302200317383
0.006864070892333984
0.0071260929107666016
0.006981372833251953
0.006602287292480469
0.006676197052001953
0.006879091262817383
0.006716728210449219
0.00762486457824707
0.006879568099975586
0.006853342056274414
0.006870746612548828
0.0067861080169677734
0.006738185882568359
0.007381916046142578
0.00681614875793457
0.007027149200439453
0.007272243499755859
0.006936788558959961
0.00711822509765625
0.007218837738037109
0.006705522537231445
0.006844758987426758
0.007612705230712891
0.004658937454223633
0.005174398422241211
0.008059263229370117
0.007150173187255859
0.006757974624633789
0.006974935531616211
0.006765127182006836
0.007548332214355469
0.00709843635559082
0.006983041763305664
0.0069925785064697266
0.007512569427490234
0.007145881652832031
0.006757497787475586
0.010451793670654297
0.008229255676269531
0.007809162139892578
0.006853342056274414
0.006768465042114258
0.009032487869262695
0.008284807205200195
0.007984399795532227
0.007888078689575195
0.008189678192138672
0.008010387420654297
0.01159977912902832
0.009438514709472656
0.006887197494506836
0.008946895599365234
0.007543802261352539
0.006814718246459961
0.006877899169921875
0.006868124008178711
0.006895303726196289
0.008527994155883789
0.006988525390625
0.007546901702880859
0.006919384002685547
0.006970882415771484
0.007071018218994141
0.007039070129394531
0.006700277328491211
0.008038043975830078
0.007044315338134766
0.006919384002685547
0.007098197937011719
0.007050037384033203
0.006890773773193359
0.0069577693939208984
0.0067636966705322266
0.007024049758911133
0.006653785705566406
0.008096694946289062
0.006659746170043945
0.006876230239868164
0.0069811344146728516
0.006670236587524414
0.006555318832397461
0.007225751876831055
0.007071733474731445
0.0069751739501953125
0.00707244873046875
0.0070383548736572266
0.007105827331542969
0.007162809371948242
0.007018566131591797
0.006837606430053711
0.007263660430908203
0.007155656814575195
0.007962703704833984
0.008377790451049805
0.00839543342590332
0.0071866512298583984
0.006940364837646484
0.006973743438720703
0.008339166641235352
0.00697636604309082
0.006971120834350586
0.006659507751464844
0.0065517425537109375
0.006720304489135742
0.006983280181884766
0.006639003753662109
0.007115602493286133
0.006931304931640625
0.006789207458496094
0.0072193145751953125
0.006776571273803711
0.00672602653503418
0.0068247318267822266
0.008045673370361328
0.006947994232177734
0.00872659683227539
0.00809335708618164
0.006779909133911133
0.0073473453521728516
0.006872415542602539
0.00816488265991211
0.006833314895629883
0.007544040679931641
0.006849765777587891
0.006898641586303711
0.006770610809326172
0.0070269107818603516
0.0068552494049072266
0.007783412933349609
0.0071675777435302734
0.006898164749145508
0.007058382034301758
0.007207393646240234
0.0071887969970703125
0.007191658020019531
0.0072002410888671875
0.008188247680664062
0.010354995727539062
0.008172273635864258
0.008337259292602539
0.006730556488037109
0.0069427490234375
0.006922245025634766
0.007013082504272461
0.006727933883666992
0.010332584381103516
0.007949590682983398
0.006903886795043945
0.007378101348876953
0.007517337799072266
0.0071964263916015625
0.0067234039306640625
0.008896350860595703
0.007269859313964844
0.006876230239868164
0.0070688724517822266
0.006986141204833984
0.006785869598388672
0.007078886032104492
0.007094383239746094
0.006949901580810547
0.007088661193847656
0.007122039794921875
0.0068438053131103516
0.007825613021850586
0.00843191146850586
0.00879216194152832
0.008069038391113281
0.008063077926635742
0.007017374038696289
0.006334543228149414
0.0063211917877197266
0.007871389389038086
0.00847935676574707
0.005244255065917969
0.005380392074584961
0.0063474178314208984
0.006612062454223633
0.0065157413482666016
0.005082130432128906
0.0064830780029296875
0.007292985916137695
0.006471157073974609
0.007541656494140625
0.006830930709838867
0.008564949035644531
0.0064239501953125
0.006509304046630859
0.00639796257019043
0.0063533782958984375
0.006409168243408203
0.0064771175384521484
0.0067365169525146484
0.008278131484985352
0.0075681209564208984
0.009061574935913086
0.00665283203125
0.005610466003417969
0.006917476654052734
0.0068492889404296875
0.006879329681396484
0.007529020309448242
0.007985115051269531
0.006932973861694336
0.0068438053131103516
0.0068089962005615234
0.0070226192474365234
0.0073621273040771484
0.007038116455078125
0.007178544998168945
0.007941007614135742
0.007017850875854492
0.00706028938293457
0.007189512252807617
0.006913423538208008
0.008309125900268555
0.006995201110839844
0.007091045379638672
0.007126331329345703
0.006956577301025391
0.006899118423461914
0.006920576095581055
0.006645679473876953
0.006826162338256836
0.006596565246582031
0.007013559341430664
0.0067310333251953125
0.00870513916015625
0.008767366409301758
0.008398771286010742
0.006556987762451172
0.0069026947021484375
0.006828784942626953
0.006742954254150391
0.006803989410400391
0.006970882415771484
0.007235527038574219
0.006899118423461914
0.0070002079010009766
0.0070383548736572266
0.007067680358886719
0.006902933120727539
0.00680851936340332
0.007046699523925781
0.007167339324951172
0.007926702499389648
0.006757020950317383
0.0069332122802734375
0.006801128387451172
0.007009983062744141
0.0067064762115478516
0.006758928298950195
0.007049560546875
0.007245540618896484
0.0066759586334228516
0.008335590362548828
0.007199764251708984
0.007081270217895508
0.0074312686920166016
0.007068634033203125
0.007074117660522461
0.00728607177734375
0.007122516632080078
0.007228374481201172
0.007294416427612305
0.006943225860595703
0.007005214691162109
0.007433652877807617
0.007194995880126953
0.007098674774169922
0.00721430778503418
0.006808042526245117
0.006859779357910156
0.006923198699951172
0.008565187454223633
0.008802413940429688
0.008502721786499023
0.0073812007904052734
0.007194995880126953
0.006995201110839844
0.007411956787109375
0.00672459602355957
0.007005453109741211
0.00724339485168457
0.00698399543762207
0.007096290588378906
0.007445812225341797
0.006982326507568359
0.006905794143676758
0.007171630859375
0.007266044616699219
0.008273601531982422
0.008199453353881836
0.008324861526489258
0.007398843765258789
0.007109642028808594
0.00708770751953125
