0.003261
0.004528
0.003405
0.003472
0.00339
0.003748
0.003324
0.002909
0.003541
0.003602
0.004485
0.003737
0.003745
0.004398
0.003739
0.003728
0.004542
0.004425
0.00379
0.003592
0.004593
0.003687
0.003561
0.003734
0.004272
0.003596
0.003656
0.004458
0.003537
0.003895
0.004434
0.00375
0.003835
0.004493
0.003702
0.003721
0.004347
0.003598
0.003595
0.00445
0.003619
0.003652
0.00389
0.004323
0.003458
0.003744
0.004949
0.003557
0.003906
0.004256
0.003906
0.003923
0.004319
0.00378
0.003758
0.003623
0.004429
0.003662
0.003657
0.004198
0.003864
0.003779
0.004493
0.003704
0.003788
0.003641
0.004365
0.003665
0.004004
0.004206
0.003644
0.003805
0.004379
0.003804
0.00304
0.004216
0.003612
0.003642
0.004465
0.003441
0.003476
0.002966
0.003332
0.004225
0.003465
0.003664
0.003997
0.003512
0.00371
0.004483
0.003568
0.003674
0.003591
0.004333
0.004385
0.003726
0.004379
0.003704
0.003906
0.005002
0.004406
0.003509
0.00389
0.004425
0.003648
0.003723
0.004438
0.003631
0.003702
0.003528
0.00422
0.003851
0.003622
0.004303
0.004143
0.003608
0.003676
0.004515
0.003757
0.003824
0.004353
0.003799
0.003798
0.004367
0.004854
0.003788
0.003862
0.004373
0.003781
0.003593
0.004289
0.003624
0.003552
0.004228
0.004473
0.003657
0.004572
0.003736
0.00357
0.004407
0.004413
0.003758
0.003523
0.004378
0.003655
0.003773
0.004476
0.003807
0.003733
0.003927
0.004337
0.003638
0.00376
0.004951
0.00374
0.003588
0.004474
0.003815
0.003674
0.004622
0.004183
0.003802
0.003798
0.004302
0.003718
0.00382
0.004124
0.003813
0.003717
0.004359
0.004536
0.00374
0.003721
0.004696
0.00366
0.003717
0.004224
0.003959
0.003852
0.004232
0.003874
0.003757
0.004367
0.004074
0.004048
0.003769
0.004382
0.003786
0.003952
0.003372
0.003818
0.003903
0.003666
0.00438
0.00377
0.004369
0.004252
0.003622
0.003667
0.004384
0.003753
0.003541
0.004601
0.003707
0.003847
0.00457
0.00381
0.003953
0.00439
0.00381
0.003424
0.003852
0.003489
0.00431
0.003591
0.003724
0.004475
0.003858
0.003736
0.004418
0.004021
0.003642
0.004271
0.003798
0.003764
0.004382
0.00375
0.003807
0.004339
0.003901
0.003915
0.004241
0.003968
0.003578
0.003804
0.004327
0.003872
0.003667
0.00446
0.004018
0.00386
0.003969
0.004192
0.003914
0.00393
0.004388
0.003596
0.003538
0.004309
0.003651
0.00355
0.004397
0.003587
0.003758
0.004289
0.003958
0.003591
0.004364
0.00381
0.003782
0.003804
0.004233
0.003629
0.003842
0.004128
0.003567
0.003985
0.004366
0.004159
0.00366
0.004573
0.003778
0.003563
0.003592
0.00359
0.003397
0.004291
0.003913
0.004028
0.004451
0.004234
0.00371
0.003744
0.004211
0.003693
0.003684
0.004438
0.003922
0.003677
0.004311
0.003756
0.003565
0.004307
0.003767
0.003522
0.004162
0.0035
0.003711
0.004339
0.003623
