0.003176
0.003014
0.00352
0.004112
0.003803
0.003669
0.00385
0.004167
0.003844
0.003561
0.004188
0.004604
0.003719
0.00423
0.003409
0.003561
0.004113
0.003992
0.003545
0.003309
0.003736
0.00521
0.00361
0.004222
0.003695
0.003809
0.003727
0.003665
0.004245
0.004455
0.0044
0.003836
0.003544
0.004552
0.003721
0.003517
0.003361
0.003642
0.003622
0.004308
0.004189
0.00331
0.003465
0.003525
0.004187
0.003699
0.003626
0.004209
0.003681
0.00363
0.003349
0.003398
0.003712
0.003611
0.00362
0.003532
0.003576
0.003545
0.003398
0.00365
0.003878
0.003577
0.003644
0.003123
0.003586
0.003546
0.003662
0.003567
0.003175
0.003543
0.003602
0.003322
0.003641
0.003392
0.003515
0.003687
0.003655
0.004111
0.003777
0.004129
0.004078
0.004241
0.003375
0.003401
0.004153
0.003563
0.003671
0.003409
0.003408
0.00412
0.003787
0.004217
0.00361
0.003697
0.003687
0.003559
0.003572
0.00361
0.003284
0.004178
0.003467
0.003876
0.003506
0.004007
0.004327
0.004129
0.003347
0.003588
0.004307
0.003535
0.004277
0.003587
0.004277
0.004211
0.003568
0.00341
0.003592
0.003609
0.003763
0.003272
0.004025
0.00361
0.004278
0.004208
0.004061
0.003523
0.003452
0.00365
0.003305
0.003474
0.003443
0.004185
0.00431
0.00341
0.003581
0.003687
0.003201
0.004129
0.003496
0.004136
0.004201
0.004217
0.004326
0.003626
0.003481
0.003554
0.003641
0.003546
0.003474
0.003281
0.003667
0.003536
0.003471
0.003487
0.003806
0.003535
0.00353
0.003719
0.003561
0.00352
0.003366
0.003999
0.003807
0.003675
0.00342
0.00343
0.003364
0.003558
0.003644
0.003348
0.003471
0.004111
0.003353
0.003766
0.00518
0.003682
0.003777
0.003922
0.004245
0.003613
0.002533
0.002759
0.003978
0.003181
0.003575
0.003853
0.004462
0.00406
0.00412
0.003361
0.003606
0.003566
0.003333
0.003604
0.003485
0.003566
0.004123
0.00427
0.004082
0.003624
0.00343
0.003671
0.003693
0.003434
0.003635
0.003686
0.003508
0.00354
0.003445
0.004296
0.003371
0.003567
0.003544
0.003488
0.003706
0.003783
0.003525
0.003793
0.003358
0.003501
0.003905
0.003476
0.003747
0.003606
0.003588
0.003719
0.003681
0.003909
0.003589
0.003941
0.00378
0.003454
0.003703
0.00371
0.003686
0.003531
0.003474
0.003209
0.003481
0.003819
0.003614
0.003724
0.003645
0.003592
0.003547
0.003608
0.003357
0.003622
0.003436
0.003687
0.003556
0.003535
0.003564
0.003911
0.003786
0.003614
0.003426
0.003386
0.003549
0.003702
0.003522
0.003294
0.004161
0.003634
0.003428
0.00371
0.0034
0.003587
0.004395
0.004472
0.004348
0.003738
0.00432
0.003575
0.00372
0.003705
0.003452
0.003458
0.004208
0.004327
0.004615
0.003843
0.003646
0.00393
0.00375
0.003671
0.003699
0.003585
0.004152
0.004203
0.004081
0.003515
0.003737
0.00358
0.003603
0.003544
0.003428
0.003364
0.004599
0.004462
